current_rank,ticker,name,sector,2026-08-18__predicted_rank,2026-08-18__close,2026-08-18__next_snapshot_return,2026-08-17__predicted_rank,2026-08-17__close,2026-08-17__next_snapshot_return,2026-08-14__predicted_rank,2026-08-14__close,2026-08-14__next_snapshot_return,2026-08-13__predicted_rank,2026-08-13__close,2026-08-13__next_snapshot_return,2026-08-12__predicted_rank,2026-08-12__close,2026-08-12__next_snapshot_return,2026-08-11__predicted_rank,2026-08-11__close,2026-08-11__next_snapshot_return,2026-08-10__predicted_rank,2026-08-10__close,2026-08-10__next_snapshot_return,2026-08-07__predicted_rank,2026-08-07__close,2026-08-07__next_snapshot_return,2026-08-06__predicted_rank,2026-08-06__close,2026-08-06__next_snapshot_return,2026-08-05__predicted_rank,2026-08-05__close,2026-08-05__next_snapshot_return,2026-08-04__predicted_rank,2026-08-04__close,2026-08-04__next_snapshot_return,2026-08-03__predicted_rank,2026-08-03__close,2026-08-03__next_snapshot_return,2026-07-31__predicted_rank,2026-07-31__close,2026-07-31__next_snapshot_return,2026-07-30__predicted_rank,2026-07-30__close,2026-07-30__next_snapshot_return,2026-07-29__predicted_rank,2026-07-29__close,2026-07-29__next_snapshot_return,2026-07-28__predicted_rank,2026-07-28__close,2026-07-28__next_snapshot_return,2026-07-27__predicted_rank,2026-07-27__close,2026-07-27__next_snapshot_return,2026-07-24__predicted_rank,2026-07-24__close,2026-07-24__next_snapshot_return,2026-07-23__predicted_rank,2026-07-23__close,2026-07-23__next_snapshot_return,2026-07-22__predicted_rank,2026-07-22__close,2026-07-22__next_snapshot_return,2026-07-21__predicted_rank,2026-07-21__close,2026-07-21__next_snapshot_return,2026-07-20__predicted_rank,2026-07-20__close,2026-07-20__next_snapshot_return,2026-07-17__predicted_rank,2026-07-17__close,2026-07-17__next_snapshot_return,2026-07-16__predicted_rank,2026-07-16__close,2026-07-16__next_snapshot_return,2026-07-15__predicted_rank,2026-07-15__close,2026-07-15__next_snapshot_return,2026-07-14__predicted_rank,2026-07-14__close,2026-07-14__next_snapshot_return,2026-07-13__predicted_rank,2026-07-13__close,2026-07-13__next_snapshot_return,2026-07-10__predicted_rank,2026-07-10__close,2026-07-10__next_snapshot_return,2026-07-09__predicted_rank,2026-07-09__close,2026-07-09__next_snapshot_return,2026-07-08__predicted_rank,2026-07-08__close,2026-07-08__next_snapshot_return,2026-07-07__predicted_rank,2026-07-07__close,2026-07-07__next_snapshot_return,2026-07-06__predicted_rank,2026-07-06__close,2026-07-06__next_snapshot_return,2026-07-02__predicted_rank,2026-07-02__close,2026-07-02__next_snapshot_return,2026-07-01__predicted_rank,2026-07-01__close,2026-07-01__next_snapshot_return,2026-06-30__predicted_rank,2026-06-30__close,2026-06-30__next_snapshot_return,2026-06-29__predicted_rank,2026-06-29__close,2026-06-29__next_snapshot_return,2026-06-26__predicted_rank,2026-06-26__close,2026-06-26__next_snapshot_return,2026-06-25__predicted_rank,2026-06-25__close,2026-06-25__next_snapshot_return,2026-06-24__predicted_rank,2026-06-24__close,2026-06-24__next_snapshot_return,2026-06-23__predicted_rank,2026-06-23__close,2026-06-23__next_snapshot_return,2026-06-22__predicted_rank,2026-06-22__close,2026-06-22__next_snapshot_return,2026-06-19__predicted_rank,2026-06-19__close,2026-06-19__next_snapshot_return
1,AMLX,AMYLYX PHARMACEUTICALS,Health Care,1,32.033901,,,,,,,,,,,,,,,,,,,,,,,,,,,,,,,,,,,,,,,,,,,,,,,,,,,,,,,,,,,,,,,,,,,,,,,,,,,,,,,,,,,,,,,,,,,,,,,,,,,,,,,,,,,,,,,,,,,,,,,,,,,,
2,SMCI,Supermicro,Information Technology,2,36.84,,1,38.279999,-0.037617529718326104,1,39.84,-0.039156651606425896,1,39.16,0.01736465781409624,3,37.610001,0.04121241581461277,89,31.6,0.19018990506329092,116,31.459999,0.004450127287035199,107,31.129999,0.010600707054311043,160,29.379999,0.05956433150321083,57,30.32,-0.031002671503957746,52,31.690001,-0.043231333441737574,119,28.639999,0.10649448695860642,137,28.4,0.008450669014084644,235,27.73,0.024161557879552653,253,25.700001,0.07898828486426912,225,28.450001,-0.09666080503828456,199,29.809999,-0.04562220884341528,191,30.1,-0.00963458471760803,192,31.200001,-0.03525644117767812,309,30.559999,0.02094247450727993,368,25.5,0.1984313333333334,353,23.83,0.07007973143096935,368,24.18,-0.01447477253928875,435,24.68,-0.02025931928687197,433,26.889999,-0.08218665236841394,446,27.65,-0.02748647377938518,422,27.66,-0.00036153289949392153,494,28.309999,-0.022960050263512888,496,28.24,0.0024787181303116412,492,28.17,0.002484913028043989,483,26.25,0.07314285714285718,491,27.190001,-0.0345715691588242,489,27.219999,-0.0011020573512879883,492,27.65,-0.015551573236889604,493,29.33,-0.05727923627684961,486,28.15,0.0419182948490231,479,30.629999,-0.0809663428327243,471,31.68,-0.03314397095959587,454,32.45000076293945,-0.023728843644719833,419,33.31999969482422,-0.026110414165666285,361,35.459999084472656,-0.06034966329243274,,,
3,CAI,"Caris Life Sciences, Inc. - Common Stock",,3,21.065001,,5,21.629999,-0.026121036806335596,3,21.799999,-0.007798165495328635,8,22.18,-0.017132596934174904,2,22.26,-0.003593890386343279,1,23.139999,-0.038029344772227414,3,23.4,-0.011111153846153798,3,22.74,0.029023746701847042,19,20.0,0.137,159,16.450001,0.21580539721547742,,,,,,,,,,,,,,,,,,,,,,,,,,,,,,,,,,,,,,,,,,,,,,,,,,,,,,,,,,,,,,,,,,,,,,,,,,,,,,,,,,,,,,,,,,,,,,,,
4,FBRX,FORTE BIOSCIENCES INC,Health Care,4,76.870003,,2,76.889999,-0.000260059829107373,5,76.830002,0.0007809058758063703,5,76.860001,-0.00039030704670439675,5,76.779999,0.001041964066709422,7,76.870003,-0.0011708598476312115,6,76.82,0.0006509112210362211,4,76.790001,0.00039066284163724596,4,76.830002,-0.000520642964450091,3,76.610001,0.002871700784862208,5,76.559998,0.0006531217516489995,4,76.610001,-0.0006526954620454939,5,76.599998,0.00013058747077243638,3,76.980003,-0.004936411862701551,5,76.529999,0.005880099384294901,3,76.650002,-0.0015655968280339216,4,76.5,0.001960810457516393,,,,5,59.700001,-0.08241209242190806,4,56.630001,0.05421154769183212,9,50.73,0.11630201064458912,10,47.490002,0.06822484446305133,32,48.860001,-0.028039274907096345,,,,,,,,,,,,,,,,,,,,,,,,,,,,,,,,,,,,,,,,,,,,,,,,,,,,,,,,,
5,HTFL,HEARTFLOW,Health Care,5,44.560001,,3,41.939999,0.06247024469409257,7,42.080002,-0.0033270673323637645,,,,,,,,,,,,,,,,,,,,,,,,,,,,,,,,,,,,,,,,,,,,,,,,,,,,,,,,,,,,,,,,,,,,,,,,,391,27.5427,-0.020958047191543705,,,,379,26.995001,0.06003820267686444,334,27.059999,-0.041773578535229894,341,27.110001,0.006639616132806392,217,28.879999,-0.03057389594135529,194,30.709999,-0.08938453563609694,240,29.34,0.0466938991138377,75,34.849998,-0.15810612098169985,,,,,,,,,,,,,,,,,,
6,KTOS,"Kratos Defense & Security Solutions, Inc. - Common Stock",,6,63.130001,,7,63.290001,-0.0025280454648751727,11,64.580002,-0.019975239393767663,46,62.790001,0.02850773963198372,35,63.82,-0.01613912566593545,11,63.73,0.0014122077514515663,15,62.419998,0.020986895898330582,24,60.77,0.02715152213263128,65,57.41,0.05852638913081365,97,55.34,0.037405131911817824,173,51.869999,0.06689803483512691,336,49.209999,0.0540540551524904,327,46.599998,0.0560086075540176,283,46.169998,0.009313407377665506,265,43.880001,0.052187715310216154,106,48.639999,-0.09786180299880354,74,49.450001,-0.01638022211566781,204,47.349998,0.044350646012699,140,49.439999,-0.042273483864754935,284,47.889999,0.03236583905545709,331,48.209999,-0.006637627186011796,370,45.939999,0.04941227795847358,372,46.029999,-0.0019552466207960473,423,46.959999,-0.019804089007753323,434,49.68,-0.05475042270531394,444,50.360001,-0.013502799573018254,459,46.959999,0.07240208842423512,465,48.189999,-0.025523968157791344,461,48.849998,-0.013510727267583511,449,50.380001,-0.030369253069288393,443,50.34,0.0007946166070718075,402,53.540001,-0.05976841502113517,384,55.349998,-0.032700940657667266,432,53.040001,0.04355197881689343,467,49.860001,0.0637785787449141,473,46.950001,0.061980829350781086,457,47.209999,-0.005507265526525473,468,46.32,0.019214140759930887,458,47.95000076293945,-0.033993763628910045,435,50.79999923706055,-0.05610232393902215,448,51.09000015258789,-0.0056762771579566,,,
7,AEHR,AEHR TEST SYSTEMS,Information Technology,7,126.709999,,10,145.610001,-0.129798790400393,13,134.059998,0.0861554764457031,63,123.300003,0.08726678619788841,10,129.229996,-0.04588712515320359,12,117.18,0.10283321385902022,41,106.199997,0.10338986167767983,82,103.07,0.03036768215775698,23,99.739998,0.03338682641641921,15,98.779999,0.009718556486318697,13,109.889999,-0.10110110202112199,73,91.709999,0.19823356447752238,394,79.980003,0.1466616099026652,442,76.870003,0.040457914383065674,452,65.400002,0.17538227292408948,454,70.0,-0.06571425714285717,460,77.480003,-0.09654107783139865,458,76.32,0.015199200733752694,442,88.510002,-0.13772457038245245,430,93.540001,-0.053773775349863495,406,98.910004,-0.05429180854142923,463,77.360001,0.2785677704425056,438,81.050003,-0.04552747518096956,453,84.199997,-0.037410856439816675,453,87.790001,-0.04089308530706137,494,72.010002,0.21913621110578507,495,68.019997,0.05865929397203584,490,72.599998,-0.0630854149610307,480,76.209999,-0.04736912540833382,497,67.889999,0.12255118754678418,484,66.940002,0.014191768324117948,492,72.324997,-0.07451956105296376,490,69.959999,0.03380500334198122,465,84.425003,-0.17138459078526602,422,96.059998,-0.12112216575311596,456,94.769997,0.013611913483546845,477,91.809998,0.03224048648819289,474,98.790001,-0.07065495423975154,442,95.19999694824219,0.037710127238764546,354,102.38999938964844,-0.0702217215570049,112,113.33000183105469,-0.09653227571636314,,,
8,AXTI,AXT,Information Technology,8,84.589996,,11,95.970001,-0.11857877338148615,15,81.639999,0.17552672924457036,38,77.449997,0.054099446898622894,65,78.470001,-0.012998648999634876,34,73.779999,0.06356739039803982,98,73.809998,-0.00040643545336482845,23,88.580002,-0.1667419695926401,90,75.169998,0.17839569451631476,143,68.610001,0.09561283930020648,325,65.269997,0.05117211817858669,112,68.669998,-0.049512175608334874,389,60.43,0.136356081416515,465,46.939999,0.28738818251785636,453,36.970001,0.26967805600005246,468,42.759998,-0.13540685853165846,484,47.880001,-0.10693406209410894,486,47.23,0.013762460300656532,488,52.93,-0.10768940109578695,478,52.98,-0.0009437523593808228,482,56.509998,-0.06246678685070928,481,48.830002,0.15728027207535233,485,45.860001,0.06476234049798646,478,45.57,0.006363857801184869,494,53.419998,-0.14694867641140685,495,57.57,-0.07208619072433564,498,50.459999,0.14090370869805202,500,57.209999,-0.11798636808226481,497,62.549999,-0.08537170400274496,498,60.119999,0.04041916234895471,485,58.150002,0.033877849221741974,493,63.52,-0.08454027078085646,491,56.619999,0.12186508516187011,493,65.029999,-0.12932492894548564,494,72.080002,-0.09780803002752403,487,71.459999,0.008676224582650827,498,70.150002,0.018674226124754778,507,69.059998,0.015783435151561998,497,70.13999938964844,-0.015397790353547158,499,77.91000366210938,-0.09973051727734472,482,92.44000244140625,-0.15718301260962764,,,
9,NN,NEXTNAV,Information Technology,9,19.35,,12,19.200001,0.007812447509768505,17,19.895,-0.03493335008796172,59,19.51,0.01973347001537662,66,19.23,0.014560582423297053,,,,,,,,,,,,,,,,,,,,,,,,,,,,,,,,,,,,,,,,,,,,,,,,,,,,,,,,,,,,,,,,,,,,,,,,,,,,,,,,,,,,,,,,,,,,,,,,,,,,,,,,,,,,,,,
10,NTAP,NetApp,Information Technology,10,206.169998,,17,204.199997,0.009647409544281116,10,207.080002,-0.013907692544835926,14,204.990005,0.010195604414956705,45,202.050003,0.014550863431563421,32,198.470001,0.018038000614511107,40,198.720001,-0.0012580515234599243,57,189.520004,0.04854367246636393,29,191.479996,-0.010236014418968375,34,186.600006,0.026152142781817433,28,190.460007,-0.020266727177007726,16,182.919998,0.04122025520686923,34,178.5,0.024761893557422976,42,173.979996,0.02598002128934418,48,173.229996,0.004329504227431835,27,174.529999,-0.007448593407715531,57,169.800003,0.027856277481926872,52,167.740005,0.012280898644303706,75,164.639999,0.018828996713004198,70,166.539993,-0.011408635041794568,93,165.759995,0.004705586531901229,87,161.160004,0.02854300624117645,104,163.880005,-0.01659751596907766,289,159.690002,0.026238355235288946,259,162.100006,-0.0148673899493873,156,174.550003,-0.07132624913217556,252,163.929993,0.06478381292921798,248,168.869995,-0.02925328445707598,299,171.729996,-0.01665405617315696,306,165.399994,0.038270872004989354,349,165.779999,-0.0022922246488854547,388,163.550003,0.01363494930660436,398,154.169998,0.060841960963118114,425,156.380005,-0.014132286285577389,419,154.759995,0.010467886096791501,205,155.059998,-0.0019347543136173373,208,152.449997,0.01712037422998458,141,154.589996,-0.013843062651997307,139,155.55999755859375,-0.0062355490644837586,51,157.82000732421875,-0.014320167911283876,53,158.30999755859375,-0.0030951361644260267,,,
11,WDAY,"Workday, Inc.",Information Technology,11,192.619995,,15,191.179993,0.00753217937402062,4,198.679993,-0.03774914568272614,3,206.449997,-0.03763625145511629,28,175.289993,0.17776259481053192,31,181.270004,-0.03298952318663817,10,184.190002,-0.015853184039815504,8,179.639999,0.02532845148813445,38,170.240005,0.05521612854745861,21,170.634995,-0.0023440811201598244,25,171.279999,-0.003765787037399493,22,165.050003,0.03774611261291527,25,160.339996,0.02937512234938544,10,158.110001,0.014104073024450825,4,168.009995,-0.05892503002574334,4,159.690002,0.05210090109460963,5,147.539993,0.08235061391117182,55,135.339996,0.09014332319028595,81,127.870003,0.05841865038511029,44,132.419998,-0.03436033128470517,27,141.169998,-0.06198200838679624,34,147.220001,-0.0410949800224496,48,144.779999,0.016853170443798637,133,145.429993,-0.0044694631870056956,168,141.820007,0.025454701888429465,196,139.809998,0.014376718609208528,231,144.869995,-0.03492784686021411,310,138.949997,0.04260524021457868,360,138.339996,0.0044094334078192965,363,137.880005,0.003336169011598278,324,143.649994,-0.04016699784895206,365,137.990005,0.04101738383153175,375,135.399994,0.019128590212492913,440,130.270004,0.03937967177770241,449,122.419998,0.06412355928971669,357,123.580002,-0.009386664356907715,296,124.209999,-0.0050720312782548405,366,113.769997,0.09176410543458124,370,118.08999633789062,-0.03658226053289049,345,115.12999725341797,0.025710058865023644,452,113.04000091552734,0.018488994882439824,,,
12,FLY,FIREFLY AEROSPACE,Industrials,12,26.58,,4,27.18,-0.02207505518763797,9,26.67,0.019122609673790647,40,26.77,-0.0037355248412400677,56,26.540001,0.00866612627482577,90,26.360001,0.006828527813788732,186,25.76,0.02329196428571434,190,26.709999,-0.03556716718708963,334,24.059999,0.11014131796098581,377,22.84,0.05341501751313493,400,23.33,-0.021003000428632568,426,21.889999,0.06578351145653305,426,20.33,0.07673384161337937,424,20.290001,0.001971365107374723,421,17.84,0.137331894618834,414,19.32,-0.0766045548654245,405,19.879999,-0.02816896519964618,409,19.690001,0.00964946624431362,426,20.700001,-0.04879226817428661,439,20.24,0.02272732213438755,443,21.110001,-0.04121274082365045,434,19.67,0.07320798169801712,442,19.27,0.020757654385054503,,,,497,20.940001,-0.0912129851378708,499,21.549999,-0.028306173007247026,500,22.27,-0.03233053435114508,503,24.09,-0.07555002075550021,500,25.280001,-0.047072822505030754,501,25.879999,-0.023183849427505843,489,25.66,0.00857361652377242,496,28.0,-0.08357142857142852,494,28.9,-0.03114186851211065,496,28.370001,0.018681670120491045,496,29.4,-0.03503397959183674,489,29.049999,0.012048227609233297,491,25.540001,0.13743139634176216,502,24.610001,0.03778951492118998,491,24.979999542236328,-0.014811809447558,496,27.209999084472656,-0.08195512980356956,497,28.959999084472656,-0.060428178882188543,,,
13,PLTR,Palantir Technologies,Information Technology,13,172.070007,,8,172.550003,-0.0027817791460716945,12,174.039993,-0.008561193173571402,4,179.009995,-0.027763824025580197,9,171.039993,0.046597300784501305,3,174.940002,-0.022293408913988566,1,175.229996,-0.001654933553727922,2,172.009995,0.01871984822742423,16,155.919998,0.10319392769617663,13,158.429993,-0.015842928175853643,11,162.660004,-0.026005231132294804,137,125.650002,0.294548359816182,131,123.059998,0.021046676760063,83,122.260002,0.00654339920589897,85,123.0,-0.006016243902439045,50,123.529999,-0.004290447699267008,17,131.529999,-0.060822626479302255,56,122.919998,0.07004556736162648,71,123.370003,-0.0036476046774513993,94,124.57,-0.009633113911856728,116,132.660004,-0.06098299228153192,115,134.850006,-0.0162402810719936,139,132.380005,0.01865841446372496,279,134.440002,-0.015322798046373043,218,133.759995,0.005083784579985817,250,133.720001,0.0002990876435904344,294,130.039993,0.028299047970573143,349,126.790001,0.02563287305282058,363,129.039993,-0.017436392762358643,312,132.220001,-0.024050884706921072,326,134.369995,-0.01600055131355771,355,132.539993,0.013807168376717582,406,129.300003,0.02505792671946039,450,125.730003,0.028394177322973668,471,116.669998,0.07765496833213281,447,115.699997,0.008383759940806312,421,112.93,0.024528442397945494,454,107.269997,0.052764082765845544,444,113.5,-0.05488989427312774,442,116.69999694824219,-0.02742071193026674,440,119.5,-0.02343098744769878,,,
14,LUNR,INTUITIVE MACHINES INC CLASS A,Industrials,14,19.815001,,13,20.379999,-0.02772316132105812,36,19.01,0.0720672803787481,180,17.559999,0.08257409354066603,238,16.950001,0.03598808047267976,297,16.48,0.028519478155339728,382,15.78,0.0443599493029152,385,16.4,-0.03780487804878041,444,14.93,0.09845947756195561,481,13.99,0.0671908506075769,488,13.96,0.0021489971346704273,492,13.1,0.06564885496183215,483,12.34,0.06158833063209079,473,12.25,0.007346938775510292,462,11.39,0.07550482879719045,475,12.37,-0.0792239288601454,476,13.31,-0.07062359128474838,484,12.92,0.030185758513932015,491,13.71,-0.05762217359591548,483,14.09,-0.026969481902058168,487,14.64,-0.037568306010928976,486,13.83,0.05856832971800441,491,13.52,0.022928994082840326,484,13.44,0.005952380952380931,499,14.85,-0.094949494949495,501,14.91,-0.004024144869215318,502,15.15,-0.015841584158415856,504,16.139999,-0.0613382318053427,502,16.9,-0.04497047337278104,503,17.02,-0.007050528789659283,492,17.85,-0.04649859943977597,499,18.889999,-0.05505553494206106,497,19.58,-0.03524009193054134,498,20.200001,-0.03069311729242008,498,21.389999,-0.055633382685057575,490,20.969999,0.02002861325839822,492,19.790001,0.059625969700557446,503,18.700001,0.05828876693642959,492,19.1299991607666,-0.022477680213156326,497,20.950000762939453,-0.08687359967190444,498,21.989999771118164,-0.047294179172351014,,,
15,IOVA,IOVANCE BIOTHERAPEUTICS INC,Health Care,15,7.095,,16,7.1,-0.0007042253521126751,8,6.98,0.017191977077363862,31,6.52,0.07055214723926384,6,6.74,-0.03264094955489627,8,6.49,0.03852080123266566,7,6.4,0.014062499999999867,5,6.34,0.009463722397476504,5,6.21,0.02093397745571668,,,,,,,,,,,,,151,4.69,-0.13219616204690832,206,4.56,0.028508771929824706,190,4.7,-0.029787234042553346,122,4.9,-0.04081632653061229,95,4.99,-0.018036072144288595,100,5.13,-0.02729044834307981,30,5.17,-0.007736943907156735,11,5.48,-0.0565693430656935,39,5.02,0.09163346613545831,34,5.0,0.0040000000000000036,74,4.66,0.07296137339055786,84,4.74,-0.016877637130801704,,,,,,,,,,,,,,,,,,,,,,,,,,,,,,,,,,,,,,,,,,,,,,,,,,,
16,TEAM,Atlassian Corporation  - Class A Common Stock,,16,165.462494,,19,158.339996,0.04498230503934075,24,162.220001,-0.023918166539771968,17,165.979996,-0.02265330214853123,19,155.240005,0.06918314000311976,20,154.080002,0.007528575966659012,17,151.869995,0.014551965975899472,14,149.070007,0.018783040642105675,94,110.169998,0.3530907661448808,102,113.32,-0.02779740557712662,100,110.309998,0.02728675600193564,120,103.709999,0.06363898431818504,130,101.014999,0.026679206322617333,87,98.120003,0.029504646468467843,68,104.279999,-0.05907169216601171,98,99.980003,0.043008560421827546,96,95.870003,0.04287055253351779,343,86.879997,0.10347613156570423,400,80.150002,0.08396749634516554,341,85.400002,-0.061475408396360454,327,90.599998,-0.057395100604748395,286,96.43,-0.06045838432023232,338,93.290001,0.03365847321622395,352,92.360001,0.01006929395767342,340,91.769997,0.006429160066333983,385,89.080002,0.03019751840598306,258,96.160004,-0.07362730558954644,439,88.860001,0.08215173213873816,411,90.709999,-0.02039464249139722,440,85.470001,0.06130803719073308,410,88.389999,-0.03303538899236791,429,85.5,0.03380115789473681,452,83.839996,0.01979966697517499,471,83.169998,0.008055765493705902,487,77.790001,0.06916052102891745,463,79.260002,-0.018546567788378265,456,78.739998,0.00660406417587156,456,74.68,0.054365265131226526,424,81.55000305175781,-0.08424282951896389,402,81.3499984741211,0.0024585741231364366,451,79.95999908447266,0.01738367955707454,,,
17,ABCL,AbCellera Biologics Inc. - Common Shares,,17,11.09,,20,11.2,-0.009821428571428537,25,11.38,-0.015817223198594133,18,10.97,0.037374658158614515,25,10.355,0.059391598261709255,21,9.76,0.060963114754098324,44,9.34,0.044967880085653,,,,,,,,,,,,,,,,,,,,,,,,,,,,,,,,,,,,,,,,,,,,,,,,,,,,,,,,,,,,,,,,,,,,,,,,,,,,,,,,,,,,,,,,,,,,,,,,,,,,,,,,,
18,AUGO,Aura Minerals Inc. - Common Shares,,18,76.309998,,21,78.540001,-0.028393213287583374,26,76.019997,0.03314922519662811,48,74.849998,0.015631249582665374,41,77.529999,-0.03456727762888279,27,76.059998,0.01932686088158997,80,76.25,-0.002491829508196819,,,,,,,,,,,,,,,,,,,,,,,,,,,,,,,,,,,,,,,,,,,,,,,,,,,,,,,,,,,,,268,61.400002,-0.12004609241825204,275,63.369999,-0.04039763358683346,360,61.009998,0.05934468405215654,374,63.369999,-0.056020183935934775,,,,362,65.459999,0.034677727385849844,430,64.860001,0.08198345454545453,465,62.950001,-0.03891979286862923,450,63.650002,-0.010997658727489146,452,64.080002,-0.0067103618380035535,467,61.130001,0.04825782679113644,,,,,,,457,65.26000213623047,-0.057615719962742284,,,
19,BOXL,Boxlight Corporation - Class A Common Stock,,19,7.9504,,,,,,,,,,,,,,,,,,,,,,,,,,,,,,,,,,,,,,,,,,,,,,,,,,,,,,,,,,,,,,,,,,,,,,,,,,,,,,,,,,,,,,,,,,,,,,,,,,,,,,,,,,,,,,,,,,,,,,,,,,,,
20,CHYM,"Chime Financial, Inc. - Class A Common Stock",,20,31.959999,,22,31.450001,0.016216152107594528,27,32.02,-0.017801342910680917,19,32.18,-0.0049720323182099735,20,31.6,0.01835443037974671,24,31.73,-0.00409706901985496,19,30.85,0.02852512155591569,16,29.1,0.06013745704467355,15,31.25,-0.06879999999999997,74,25.92,0.2056327160493827,138,24.950001,0.03887771387263683,111,24.26,0.02844192085737829,173,22.99,0.05524140930839505,197,22.6,0.01725663716814152,231,22.42,0.00802854594112401,212,22.370001,0.0022350915406754712,108,21.860001,0.02333028255579661,97,20.690001,0.056549054782549346,51,20.76,-0.0033718208092486934,34,21.82,-0.048579285059578314,52,22.33,-0.02283922973578134,40,21.93,0.01823985408116724,43,22.33,-0.01791312136139711,36,21.93,0.01823985408116724,30,22.09,-0.007243096423721118,54,21.459999,0.02935699111635559,53,20.950001,0.024343578790282594,80,20.92,0.0014340822179732537,103,21.309999,-0.018301220943276464,106,20.98,0.015729218303145887,120,21.120001,-0.006628834913407378,86,21.450001,-0.015384614667384056,123,20.870001,0.027791086354044925,137,21.01,-0.006663445978105864,140,20.48,0.02587890625,91,21.0,-0.024761904761904763,84,20.32,0.0334645669291338,223,18.27,0.1122058018609744,298,17.3799991607666,0.0512083458692949,426,16.670000076293945,0.042591421715656885,348,16.920000076293945,-0.014775413711583973,,,
21,FGI,FGI Industries Ltd. - Ordinary Shares,,21,10.1369,,23,9.08,0.1163986784140969,28,9.99,-0.09109109109109115,21,11.72,-0.14761092150170652,,,,,,,,,,,,,,,,,,,,,,,,,,,,,,,,,,,,,,,,,,,,,,,,,,,,,,,,,,,,,,,,,,,,,,,,,,,,,,,,,,,,,,,,,,,,,,,,,,,,,,,,,,,,,,,,,,
22,IPST,"IP Strategy Holdings, Inc. - Common Stock",,22,14.5508,,30,7.39,0.9689851150202979,,,,,,,,,,,,,,,,,,,,,,,,,,,,,,,,,,,,,,,,,,,,,,,,,,,,,,,,,,,,,,,,,,,,,,,,,,,,,,,,,,,,,,,,,,,,,,,,,,,,,,,,,,,,,,,,,,,,,,,,
23,QMCO,Quantum Corporation - Common Stock,,23,25.370001,,26,24.92,0.018057825040128206,30,26.110001,-0.04557644406064931,23,24.68,0.05794169367909241,,,,,,,,,,,,,,,,,,,,,,,,,,,,,,,,,,,,,,,,,,,,,,,,,,,,,,,,,,,,,,,,,,,,,,,,,,,,,,,,,,,,,,,,,,,,,,,,,,,,,,,,,,,,,,,,,,
24,WETO,Wetour Robotics Limited - Ordinary Shares,,24,36.206299,,27,24.59,0.4723993086620577,,,,,,,,,,,,,,,,,,,,,,,,,,,,,,,,,,,,,,,,,,,,,,,,,,,,,,,,,,,,,,,,,,,,,,,,,,,,,,,,,,,,,,,,,,,,,,,,,,,,,,,,,,,,,,,,,,,,,,,,
25,XHLD,"TEN Holdings, Inc. - Common Stock",,25,6.665,,28,7.36,-0.09442934782608703,31,5.88,0.2517006802721089,24,5.495,0.07006369426751591,23,5.35,0.02710280373831786,,,,,,,,,,,,,,,,,,,,,,,,,,,,,,,,,,,,,,,,,,,,,,,,,,,,,,,,,,,,,,,,,,,,,,,,,,,,,,,,,,,,,,,,,,,,,,,,,,,,,,,,,,,,,,,
26,MKTX,"MarketAxess Holdings, Inc. - Common Stock",,26,162.619995,,25,162.559998,0.0003690760380052893,33,162.570007,-6.156732219364525e-05,28,162.600006,-0.0001844956881490445,26,162.600006,0.0,28,162.529999,0.0004307327904431446,21,162.5,0.00018460923076935032,18,162.529999,-0.0001845751564916176,14,162.619995,-0.0005534128813617922,11,162.410004,0.0012929683814304482,16,162.350006,0.00036955957981277265,12,162.279999,0.00043139635464251036,15,162.300003,-0.000123253232472198,13,162.759995,-0.002826198169888161,,,,,,,,,,,,,,,,,,,,,,,,,416,115.129997,0.009841783571833407,340,115.5,-0.014718588744588756,343,115.629997,-0.0011242497913409588,303,114.870003,0.006616122400554092,310,115.370003,-0.004333882179061721,,,,,,,277,119.07,-0.0269762337969629,303,118.800003,-0.01231027845379895,349,116.440002,0.018550291677253528,335,116.529999,-0.000772307566912378,407,114.489998,0.017818159102422237,410,113.489998,0.008811349172814342,432,109.93,0.03238422632584359,412,112.540001,-0.023191762722660658,424,109.089996,0.03162531053718265,427,113.45999908447266,-0.03851580326560722,397,118.16999816894531,-0.03985782414923977,424,117.12000274658203,0.008965121013530197,,,
27,ZBRA,Zebra Technologies,Information Technology,27,366.589996,,31,371.26001,-0.012578823127220251,18,376.029999,-0.012685128879836971,10,379.630005,-0.009482933257606962,13,378.369995,0.0033301002105095012,14,383.059998,-0.012243520661220253,12,378.079987,0.01317184503606117,10,376.48999,0.00422321188406638,11,364.23999,0.03363167234877196,6,368.98999,-0.012872977936339125,14,368.829987,0.00043381234075190456,140,291.640015,0.2646755178640352,139,293.820007,-0.007419481138328243,156,288.570007,0.018193158930754683,154,282.980011,0.0197540313191944,135,284.399994,-0.004992907981566264,188,264.589996,0.07487054801573079,211,259.920013,0.017967000486414975,177,256.950012,0.0115586723537493,207,262.75,-0.02207416936251183,164,262.399994,0.0013338643597682331,151,264.690002,-0.008651660367587244,154,267.399994,-0.010134600077814526,41,265.040009,0.008904259432016559,50,255.169998,0.03868013903421352,36,260.109985,-0.018991916054279856,28,266.709991,-0.024746002109834797,38,272.519989,-0.021319529702461648,66,272.649994,-0.0004768201095209923,74,264.420013,0.03151478049105849,88,264.649994,-0.0008690005864878669,94,270.290009,-0.020866531548341505,114,267.179993,0.011640153011007737,103,267.850006,-0.0025014485159279287,105,263.26001,0.017435219272383895,125,255.809998,0.02912322449570559,146,251.529999,0.017015859010916623,166,243.389999,0.033444266541124534,163,247.77999877929688,-0.017717329960922346,153,237.72000122070312,0.04231868567087882,144,245.69000244140625,-0.03243925652294144,,,
28,REGN,Regeneron Pharmaceuticals,Health Care,28,817.109985,,36,805.929993,0.01387216271525471,39,803.47998,0.003049252079684761,16,805.969971,-0.0030894339610576527,18,797.98999,0.01000010163034748,30,797.0,0.0012421455457967134,16,808.049988,-0.01367488170793707,21,784.359985,0.030202972427258556,24,772.109985,0.01586561531126951,22,768.580017,0.004592843844390515,20,760.659973,0.010412068836439081,14,759.23999,0.0018702689777971848,10,762.630005,-0.0044451634183996225,19,738.340027,0.032898091816441655,39,695.419983,0.06171816319520396,29,695.179993,0.00034521994651259824,47,667.169983,0.041983318664982505,46,656.01001,0.017011894376428804,43,651.909973,0.006289268717783347,52,651.179993,0.0011210110996147105,43,675.190002,-0.035560374011580964,54,672.150024,0.004522767077964174,53,676.690002,-0.006709095725637826,104,678.940002,-0.003313989444386878,136,664.450012,0.021807494526766558,157,656.119995,0.012695874327073309,138,663.090027,-0.010511441457707105,155,664.52002,-0.0021519186133776014,156,667.950012,-0.0051351028346114935,205,662.880005,0.0076484536594221275,165,676.22998,-0.019741767438349878,208,649.809998,0.04065801092829591,166,654.27002,-0.006816791024598867,225,624.719971,0.04730127156443986,252,623.539978,0.0018924095352872428,236,631.809998,-0.013089409832352739,225,632.900024,-0.0017222720155878335,241,620.140015,0.02057601298313272,237,623.4299926757812,-0.005277221238856877,247,618.030029296875,0.008737381270514266,298,612.5,0.0090286187755102,,,
29,DXCM,Dexcom,Health Care,29,90.735001,,42,88.760002,0.022251002202546166,43,89.75,-0.011030618384401114,9,91.480003,-0.0189112696028223,15,90.800003,0.007488986536707376,36,89.529999,0.014185234158217819,34,87.650002,0.02144890994982518,19,84.75,0.034218312684365815,25,83.019997,0.02083838909317226,20,82.660004,0.004355105039675511,10,86.940002,-0.0492293294403191,6,87.309998,-0.004237727734227925,9,83.449997,0.04625525630636029,37,74.540001,0.1195330813048956,54,75.139999,-0.007985067979572325,48,74.849998,0.0038744289612406835,56,73.370003,0.020171663343124147,68,71.540001,0.025580122650543435,68,70.480003,0.015039698565279647,65,71.43,-0.013299692006159991,79,74.75,-0.04441471571906341,64,75.690002,-0.012419103912825968,70,76.650002,-0.01252446151273412,42,77.980003,-0.017055667463875324,94,74.040001,0.07218479009274903,88,74.120003,-0.0010793577544780941,83,76.349998,-0.029207531871841108,128,74.959999,0.018543209959221096,149,73.019997,0.0265680920255309,109,74.059998,-0.014042681988730155,102,73.57,0.0066602963164332785,137,72.379997,0.016441047932068686,148,71.25,0.015859607017543853,202,68.860001,0.034708088371941725,204,67.349998,0.022420238230741907,148,69.980003,-0.037582236171095906,109,70.139999,-0.002281094985473353,132,68.650002,0.021704252827261517,122,69.75,-0.015770580645161236,135,68.91999816894531,0.012042977714537884,153,69.06999969482422,-0.002171738815693991,,,
30,REPL,REPLIMUNE GROUP,Health Care,30,15.3995,,45,14.63,0.05259740259740253,6,14.97,-0.022712090848363342,6,15.19,-0.014483212639894605,7,15.24,-0.0032808398950131545,52,13.65,0.11648351648351651,139,13.67,-0.001463057790782707,274,12.06,0.13349917081260365,136,12.86,-0.06220839813374801,300,11.83,0.08706677937447171,251,11.92,-0.007550335570469802,199,11.91,0.0008396305625524292,236,11.2,0.06339285714285725,,,,,,,,,,,,,,,,,,,,,,,,,,,,,,,,,,,,,,,,,,,,,,,,,,,,,,,,,,,,,,,,,,,,,,,,,,,,,,,,,,,,,,,
31,AMGN,Amgen,Health Care,31,424.088806,,49,419.380005,0.011228005493490345,57,415.209991,0.010043144650630387,43,417.839996,-0.006294287347255234,32,416.179993,0.00398866602893122,40,414.299988,0.004537786759482243,36,417.200012,-0.006951159915115301,26,410.945007,0.0152086624102592,31,404.850006,0.015054960873583267,24,407.829987,-0.007306919782728016,47,390.019989,0.04566432106637497,61,378.869995,0.02942960421027796,46,385.160004,-0.016330898677631156,44,387.640015,-0.006397716706310619,46,387.640015,0.0,25,393.100006,-0.013889572415829443,48,376.26001,0.04475627372677726,37,376.040009,0.0005850467895294198,36,371.5,0.012220751009421216,43,366.049988,0.01488870968082101,46,366.23999,-0.0005187909709150063,63,364.170013,0.005684095137179712,67,366.290009,-0.005787752731197249,156,371.579987,-0.014236444870751375,226,358.320007,0.03700597159231478,240,355.25,0.008641821252638904,180,360.450012,-0.014426444241594338,198,363.390015,-0.008090489222715713,216,363.619995,-0.0006324734700027257,200,367.98999,-0.011875309434367876,180,368.100006,-0.0002988753007518996,173,366.440002,0.004530084027234649,127,374.149994,-0.020606687488013198,164,361.329987,0.035480052752997704,183,362.119995,-0.002181619382823685,178,360.549988,0.0043544780259430205,175,358.329987,0.0061954094843867935,168,352.820007,0.015616971517151024,179,351.42999267578125,0.003955308390539036,177,347.010009765625,0.012737335732764699,179,344.7200012207031,0.006643098727538099,,,
32,WIX,Wix.com Ltd. - Ordinary Shares,,32,75.625,,35,73.720001,0.025841006160594038,47,74.129997,-0.005530770492274573,25,80.059998,-0.07406946225504518,123,68.75,0.1645090618181817,146,66.709999,0.0305801383687625,157,62.424999,0.06864237194461142,151,60.200001,0.03696009905381903,89,60.880001,-0.01116951361416696,78,64.57,-0.057147266532445284,50,66.779999,-0.03309372616193074,190,56.84,0.17487682969739615,215,55.029999,0.0328911690512661,108,56.68,-0.029110815102328935,36,61.220001,-0.07415878676643606,28,58.549999,0.04560208446801184,24,56.34,0.03922610933617321,99,51.41,0.09589574012837976,,,,,,,119,51.119999,-0.048122047107238886,83,53.360001,-0.041979047189298124,,,,,,,,,,,,,,,,,,,,,,,,,,,,,,,,,,,,,,,,,,,,,,477,42.599998,0.05704690659043843,472,42.599998474121094,-0.020657207542591816,,,,490,41.86000061035156,-0.03416151375629439,,,
33,ATRO,ASTRONICS,Industrials,33,87.419998,,14,93.050003,-0.06050515656619593,14,93.449997,-0.00428029976287736,39,92.610001,0.009070251494760262,,,,,,,,,,,,,,,,,,,,,,,,,,,,,,,,,,,,,,,,,,,,,,,,,,,,,,,,,,,,,,,,,,,,,,,,,,,,,,,,,,,,,,,,,,,,,,,,,,,,45,87.150002,-0.03247277033912177,36,84.86000061035156,0.026985634845797524,45,82.69999694824219,0.02611854991965723,102,81.8499984741211,0.01038483837226245,,,
34,ARWR,"Arrowhead Pharmaceuticals, Inc. - Common Stock",,34,87.714996,,57,88.699997,-0.011104859451122606,46,86.639999,0.023776523820135287,56,85.589996,0.01226782391717851,40,87.25,-0.019025833810888293,48,89.239998,-0.022299395389946075,57,88.330002,0.010302230039573645,116,87.650002,0.007758128744822956,149,85.830002,0.021204706484802438,146,86.910004,-0.012426670697196274,116,89.589996,-0.029913964947604232,101,86.010002,0.04162299635802813,71,84.650002,0.016066154375282915,72,87.32,-0.030577164452588068,69,86.220001,0.012758049028554153,37,85.779999,0.0051294241679811226,46,85.529999,0.0029229510455155427,38,85.599998,-0.0008177453462089312,28,86.779999,-0.01359761481444599,33,88.699997,-0.02164597592940154,205,74.519997,0.19028449504634293,253,71.650002,0.040055756034731216,140,74.300003,-0.0356662300538535,342,71.375,0.04098077758318741,315,71.82,-0.006196045669729755,315,71.910004,-0.0012516200110349596,227,74.110001,-0.02968556160186797,240,76.400002,-0.029973834293878787,146,83.989998,-0.09047616666666669,124,85.739998,-0.020410543979718754,126,86.970001,-0.014142842196816718,113,86.550003,0.004852663032258953,64,83.989998,0.030479879282768962,118,80.440002,0.04413222167746822,141,81.510002,-0.013127223331438453,163,80.5,0.012546608695652273,167,78.889999,0.02040817619987534,216,79.269997,-0.004793717855193114,145,79.80999755859375,-0.0067660821141730665,162,79.9000015258789,-0.0011264580443941519,182,82.0,-0.025609731707317063,,,
35,CHEF,CHEFS WAREHOUSE INC,Consumer Staples,35,110.245003,,52,110.57,-0.002939287329293605,91,109.080002,0.01365968071764434,,,,,,,99,109.309998,0.01610101575521017,75,108.830002,0.004410511726352873,61,110.199997,-0.012431896890160554,43,109.139999,0.009712277897308663,42,108.540001,0.005527897498361023,22,110.019997,-0.013452063628032973,15,111.300003,-0.011500502834667525,11,115.349998,-0.03511049042237513,25,112.220001,0.02789161443689525,47,105.629997,0.06238761892608968,77,100.18,0.054402046316629926,121,95.68,0.04703177257525093,128,94.860001,0.008644307309252586,123,94.480003,0.004021993945110269,,,,,,,,,,,,,,,,,,,,,,,,,,,,,,,,,,,,,,,,,,,,,,,,,,,,,,,,,,,,,,,,,,,,,
36,APPS,DIGITAL TURBINE,Information Technology,36,12.37,,51,12.24,0.0106209150326797,59,12.44,-0.01607717041800638,159,12.62,-0.01426307448494446,183,12.41,0.016921837228041747,111,13.04,-0.04831288343558271,45,14.39,-0.09381514940931213,60,14.34,0.0034867503486750717,26,14.27,0.004905395935529189,,,,,,,,,,,,,,,,,,,,,,,,,,,,,,,,,,,,,,,,,,,,,,,,,,,,,,,,,,,,,,,,,,,,,,,,,,,,,,,,,,,,,,,,,,,,,,,,,,,
37,HALO,"Halozyme Therapeutics, Inc. - Common Stock",,37,104.012497,,54,103.0,0.009830067961164923,64,98.660004,0.043989416420457506,30,100.669998,-0.019966167079888186,24,101.790001,-0.011003074850151506,29,102.620003,-0.008088111242795404,29,102.620003,0.0,34,103.120003,-0.004848719796875844,269,85.760002,0.202425380074035,316,83.589996,0.025960116088532992,301,83.230003,0.004325279190486198,266,82.269997,0.01166896845760168,199,82.540001,-0.003271189686561815,229,83.300003,-0.00912367314080409,216,83.279999,0.00024020173199090777,189,83.445,-0.0020371240995968876,183,81.480003,0.024116309863169594,130,81.93,-0.005492456975466964,132,80.839996,0.013483474195125078,172,77.82,0.038807453096890265,162,78.599998,-0.009923638929354772,182,77.089996,0.01958752209560366,185,77.809998,-0.009253335284753472,157,77.540001,0.0034820350337625428,153,75.82,0.022685320495911432,192,75.050003,0.010259786398675974,183,76.110001,-0.013927184155469785,202,76.199997,-0.001181049915264465,155,78.620003,-0.030781046904818865,148,80.370003,-0.0217742930779784,134,81.57,-0.014711254137550478,134,80.779999,0.00977966092819571,101,79.449997,0.016740113910891807,155,77.010002,0.031684131108060454,123,78.269997,-0.016098058621364264,141,77.18,0.014122790878465796,176,74.959999,0.0296158088262517,205,72.639999,0.031938326430869024,223,71.1500015258789,0.02094162976973646,267,69.62000274658203,0.021976428240027657,309,68.98999786376953,0.0091318309648305,,,
38,APA,APA Corporation,Energy,38,41.889999,,59,41.580002,0.007455434946828543,51,40.470001,0.02742774827210903,60,40.0,0.011750024999999997,50,39.970001,0.00075053788464996,50,40.619999,-0.01600192063027861,32,41.02,-0.009751365187713357,54,37.630001,0.09008766701866433,100,36.529999,0.030112292091768245,126,34.66,0.05395265435660712,63,35.799999,-0.03184354837551817,38,36.869999,-0.029020884974800265,32,37.32,-0.01205790460878886,57,36.330002,0.02725014988988983,57,36.700001,-0.010081716346547198,84,34.93,0.05067280274835384,110,34.740002,0.005469141884332673,62,36.150002,-0.0390041472196877,84,36.419998,-0.007413399638297569,102,36.18,0.006633443891652879,88,35.77,0.011462119094213019,127,34.84,0.026693455797933474,119,35.220001,-0.010789352334203528,295,34.279999,0.027421296015790686,361,34.27,0.0002917712284795648,357,34.529999,-0.007529655590201245,401,34.669998,-0.00403804465174773,406,33.439999,0.03678226784635963,416,33.290001,0.004505797401447964,359,35.060001,-0.05048488161765896,383,34.0,0.03117649999999994,415,32.459999,0.047443039046304314,413,32.360001,0.0030901729576586767,436,31.870001,0.01537496029573382,407,32.57,-0.021492140006140636,393,32.959999,-0.011832494291034501,399,33.009998,-0.0015146623153384775,392,33.419998,-0.012268103666553065,428,33.32500076293945,0.0027001498529761747,416,34.220001220703125,-0.02615429496919075,435,34.20000076293945,0.0005847953045381438,,,
39,GEHC,GE HealthCare,Health Care,39,73.139999,,60,72.370003,0.010639712147034297,63,73.690002,-0.017912864217319635,49,73.790001,-0.0013551836108526283,38,72.279999,0.02089100748327355,60,72.75,-0.00646049484536082,53,72.940002,-0.0026049080722537754,45,71.769997,0.016302146424779673,44,70.309998,0.020765169130000594,39,70.239998,0.0009965831718843354,33,70.260002,-0.00028471391162210313,29,69.730003,0.0076007310655070714,38,68.019997,0.025139754122599944,28,69.940002,-0.027452172506371997,25,71.900002,-0.027260082690957255,88,64.110001,0.12150991855389304,141,61.119999,0.048920190590971746,129,60.580002,0.008913783132592057,101,61.990002,-0.022745603395850744,73,61.41,0.0094447484123108,87,62.040001,-0.01015475483309547,66,62.830002,-0.01257362684788721,78,63.07,-0.0038052639923894516,48,65.699997,-0.04003039756607596,80,63.200001,0.03955689810827678,100,61.66,0.024975689263704304,85,65.309998,-0.0558872777794297,112,64.699997,0.009428145723097803,119,64.699997,0.0,121,64.68,0.000309168212739408,97,64.889999,-0.0032362305938700153,90,64.839996,0.0007711752480676903,89,65.565002,-0.011057820146181174,99,64.860001,0.010869580467629092,115,64.010002,0.013279159091418302,89,65.050003,-0.01598771640333363,86,65.760002,-0.010796821447785154,84,64.940002,0.012627039956050412,78,64.87999725341797,0.0009248613251324755,93,63.720001220703125,0.01820458226295374,167,60.63999938964844,0.050791590547354826,,,
40,MSFT,Microsoft,Information Technology,40,481.609985,,41,480.350006,0.0026230435812673036,40,495.399994,-0.030379467465233678,27,496.880005,-0.002978608487173906,16,492.429993,0.00903684191307974,16,503.809998,-0.022587890365764363,8,506.059998,-0.004446113126688966,6,499.98999,0.012140259047986213,6,499.859985,0.0002600828309951009,5,487.459991,0.025437972816111598,6,492.809998,-0.010856125122688742,7,487.649994,0.010581367914463735,17,464.720001,0.04934152382221213,17,451.100006,0.030192850407543492,86,390.540009,0.1550673313985611,75,393.350006,-0.00714375735893602,58,389.100006,0.010922641825916513,83,381.700012,0.019386936775888763,98,381.579987,0.00031454741886127735,74,390.339996,-0.022441996950781307,98,397.75,-0.018629802639849147,91,402.290009,-0.011285413255192167,133,393.820007,0.021507292289495217,274,401.100006,-0.018150084495386465,279,395.630005,0.013826051944670015,313,384.929993,0.027797293519811417,342,390.98999,-0.015499110348067835,372,385.100006,0.015294686855964246,387,384.359985,0.0019253330962638593,392,383.339996,0.002660794622640905,363,388.839996,-0.014144635471089795,373,386.73999,0.005430020308993644,350,390.48999,-0.009603319152944212,404,384.279999,0.016160068221505286,404,373.019989,0.03018607670378759,375,368.570007,0.01207364114139664,347,372.970001,-0.011797179366176525,407,352.829987,0.05708135572955153,415,365.4599914550781,-0.03455919747997804,403,373.94000244140625,-0.022677464177796036,430,367.3399963378906,0.01796702257273397,,,
41,INTU,Intuit,Information Technology,41,350.165009,,69,335.600006,0.04339988897378033,56,345.660004,-0.029103737440215993,15,358.290009,-0.03525078758196687,48,334.709991,0.07044910111452274,59,336.440002,-0.0051421085177617565,43,334.429993,0.006010253392553677,36,325.25,0.028224421214450457,32,321.910004,0.01037555825695935,29,327.940002,-0.018387503699533347,26,323.600006,0.013411606673455978,26,318.390015,0.01636355022000302,26,316.070007,0.007340171318438449,24,315.5,0.0018066782884309518,18,333.130005,-0.05292229680721794,22,312.98999,0.06434715372207278,21,303.910004,0.02987721983643543,35,296.329987,0.025579648812254607,54,281.529999,0.05256984354267713,46,284.470001,-0.010335015958326088,73,289.920013,-0.018798329731035013,74,293.820007,-0.013273411977013483,101,291.089996,0.009378580636622003,214,294.790009,-0.012551351426567603,271,279.700012,0.053950648382524946,252,282.429993,-0.009666044923210437,273,289.76001,-0.02529685514574631,382,274.959991,0.053826081918950885,410,273.380005,0.005779449744321985,389,272.100006,0.004704149106119271,346,281.170013,-0.03225808792063456,398,272.140015,0.03318144154581604,402,275.350006,-0.01165785701853228,457,267.079987,0.030964577664143622,458,261.0,0.023294969348659045,417,266.399994,-0.020270248204284802,405,267.720001,-0.004930550556811131,422,255.070007,0.049594204151176546,436,262.2349853515625,-0.02734130290349679,432,258.04998779296875,0.016217776379047866,488,257.7699890136719,0.0010862358379508663,,,
42,TWST,TWIST BIOSCIENCE,Health Care,42,117.879997,,63,124.410004,-0.052487796720913193,66,118.57,0.04925363920047232,45,125.290001,-0.05363557304145927,36,125.209999,0.0006389425815744865,35,123.120003,0.016975275739718798,25,124.879997,-0.014093482081041442,72,115.669998,0.07962305834914951,71,109.080002,0.06041433699276988,38,115.010002,-0.05156073295260011,316,99.445,0.15646058792741857,262,101.059998,-0.015980586106878802,366,91.550003,0.1038776044605918,370,91.330002,0.0024088579347671946,373,85.470001,0.06856207945990311,390,88.550003,-0.03478263010335536,400,86.540001,0.0232262765978013,335,90.269997,-0.0413204400571765,199,92.440002,-0.023474739864241978,191,94.209999,-0.018787782812735077,218,95.860001,-0.017212622395027966,280,87.449997,0.09616928860500695,201,93.849998,-0.06819393858697798,150,91.230003,0.028718567508980497,75,92.610001,-0.014901176817825545,62,92.529999,0.0008646060830497238,35,90.349998,0.024128401198193705,48,90.635002,-0.003199481500435586,58,93.669998,-0.03240094016015682,69,89.379997,0.04799732763472808,87,91.029999,-0.01812591473279046,38,99.93,-0.08906235364755333,31,99.239998,0.006952861889416795,16,102.25,-0.02943767237163819,19,102.879997,-0.006123610209669894,23,98.360001,0.045953598556795594,14,99.839996,-0.014823668462486728,10,96.650002,0.0330056278736548,11,91.3499984741211,0.0580186548006274,8,85.0,0.07470585882352943,11,85.16999816894531,-0.0019959845484557315,,,
43,MDB,"MongoDB, Inc. - Class A Common Stock",,43,438.01001,,32,438.700012,-0.0015728333283018259,38,460.329987,-0.04698797734417415,26,472.290009,-0.025323470266337966,82,437.829987,0.07870639979714311,73,439.160004,-0.003028547654353342,131,416.670013,0.05397554491160372,242,398.799988,0.044809492321248534,317,370.0,0.07783780540540541,301,376.359985,-0.01689867481528351,265,380.040009,-0.009683254164958188,321,357.970001,0.06165323333895789,358,337.480011,0.06071467740944225,342,325.880005,0.03559594274585831,382,321.100006,0.014886324854195054,387,310.619995,0.03373900962170828,359,309.709991,0.002938245540809792,392,298.220001,0.03852856938324534,425,299.140015,-0.003075529698024493,396,304.970001,-0.01911658845421982,415,307.649994,-0.008711175206458699,389,323.359985,-0.04858359639025833,418,312.329987,0.03531520654147102,392,328.600006,-0.04951314273560903,384,333.040009,-0.013331740571746131,331,344.670013,-0.03374243061870308,365,337.970001,0.01982428020290472,317,342.079987,-0.01201469292618973,300,362.869995,-0.057293268350831816,287,359.399994,0.009654983466694356,345,361.320007,-0.00531388509576769,339,357.910004,0.009527543130646743,386,354.880005,0.00853809444688225,410,359.380005,-0.012521564743147029,317,335.899994,0.06990179047160083,339,338.179993,-0.006741968913578034,306,314.01001,0.0769720143634911,404,294.100006,0.06769807410340545,432,302.44000244140625,-0.027575704089566777,371,320.9700012207031,-0.05773124884652392,426,319.1600036621094,0.005671127263176867,,,
44,PTC,PTC Inc.,Information Technology,44,148.434998,,62,145.979996,0.01681738640409347,54,149.75,-0.025175318864774643,34,153.889999,-0.026902326511809238,37,147.990005,0.03986751672857891,45,150.440002,-0.01628554219242828,37,151.020004,-0.003840564061963647,29,147.710007,0.022408752576932756,21,147.660004,0.000338636046630425,37,139.429993,0.05902611642532318,32,141.679993,-0.015880859056790042,30,139.854996,0.01301295571991301,30,137.199997,0.01935130508785665,23,136.300003,0.006603037272126855,32,132.460007,0.028989852008689754,47,127.510002,0.03882052327157837,45,125.209999,0.01836916395151489,65,118.519997,0.056446187726447494,99,113.050003,0.04838561569962985,134,113.110001,-0.0005304393905892768,96,120.769997,-0.0634263160576215,90,124.830002,-0.03252427249019818,99,124.370003,0.0036986330216619567,149,127.360001,-0.023476742906118564,171,123.610001,0.030337351101550336,247,122.510002,0.00897885055948322,396,125.419998,-0.02320200961891261,408,124.739998,0.005451338872075384,396,123.790001,0.0076742628025343596,400,122.610001,0.009624011013587674,366,125.040001,-0.019433781034598696,378,124.980003,0.0004800607982062832,385,124.550003,0.003452428660318807,435,119.779999,0.039823042576582424,446,113.610001,0.05430858151299556,441,113.889999,-0.002458495060659427,443,115.720001,-0.015814051021309505,446,112.550003,0.028165241363876214,451,112.93000030517578,-0.0033648897547153833,457,112.33000183105469,0.005341386889675448,454,115.0,-0.02321737391304357,,,
45,ISRG,Intuitive Surgical,Health Care,45,398.515015,,53,390.329987,0.02096950855072266,146,394.51001,-0.010595480200869978,98,401.269989,-0.016846460451344636,74,401.269989,0.0,134,401.230011,9.963860853878792e-05,153,393.380005,0.0199552745442666,182,378.809998,0.0384625724688501,197,373.709991,0.013646964552253671,214,375.200012,-0.003971271194948667,243,368.265015,0.018817778279511144,181,375.410004,-0.019032494935856903,163,353.329987,0.06249120598982727,170,352.970001,0.0010198770404854507,181,353.100006,-0.00036818181192543875,147,361.799988,-0.024046385540510196,147,356.829987,0.01392820441405318,174,337.5,0.05727403555555566,159,332.019989,0.016505063494836714,139,340.690002,-0.025448392817820298,134,350.059998,-0.026766828696605405,121,353.170013,-0.00880599961922579,174,345.420013,0.022436453327329353,58,402.329987,-0.14145098759441965,90,388.970001,0.034347085805211064,125,379.5,0.024953889328063417,105,407.119995,-0.06784239373946743,126,406.779999,0.0008358228055358463,118,411.549988,-0.011590302852833578,122,415.100006,-0.008552199346390843,82,427.299988,-0.028551327738394416,70,432.829987,-0.012776376790178401,82,426.01001,0.01600895950778236,128,402.380005,0.05872559447878145,164,397.679993,0.01181857795898722,138,405.970001,-0.020420247751261833,120,404.265991,0.0031380997339827132,155,399.690002,0.01144884529786161,154,401.8299865722656,-0.005325598061948544,161,403.17999267578125,-0.0033483953158360835,202,402.95001220703125,0.0005707432513986088,,,
46,IDCC,INTERDIGITAL INC,Information Technology,46,339.209991,,50,348.390015,-0.02634984817231345,62,343.649994,0.013793164797785584,74,344.070007,-0.001220719596172093,44,351.429993,-0.02094296487664915,57,338.070007,0.03951840069622037,51,348.25,-0.02923185355348179,42,344.559998,0.010709316291556359,66,328.410004,0.04917631559116575,72,330.540009,-0.00644401567738806,118,323.170013,0.022805321358823072,134,309.230011,0.045079718992733886,153,304.825012,0.014434354189701182,188,303.329987,0.004928708219013034,,,,,,,,,,353,258.299988,0.003716693939606497,384,256.059998,0.008747910714269391,387,259.079987,-0.011656589283370655,381,264.369995,-0.020009865340429478,369,258.179993,0.023975529350951597,367,260.450012,-0.008715756941489405,366,265.589996,-0.019353078344110375,351,270.209991,-0.017097794877614314,346,265.484985,0.01777845183541582,,,,270,264.880005,-0.012685049594437947,279,266.279999,-0.005257601041225746,281,267.76001,-0.0055273787896857884,246,276.019989,-0.029925292838121176,211,282.890015,-0.02428514841713303,216,281.399994,0.005295028542182667,197,282.26001,-0.0030468928276450313,160,283.130005,-0.0030727757024550106,171,277.070007,0.021871721394946864,162,275.859985,0.004386362886229955,218,273.200012,0.009736357551843655,198,274.04998779296875,-0.0031015363518277494,204,279.1700134277344,-0.018340168218568653,152,297.8399963378906,-0.06268460667048892,,,
47,BMRN,BioMarin Pharmaceutical Inc. - Common Stock,,47,68.205002,,68,66.639999,0.023484439127917645,53,67.360001,-0.010688865637041745,36,68.529999,-0.01707278589045369,17,70.239998,-0.024345088961989947,33,69.550003,0.009920847882637807,39,68.879997,0.009727149088000209,80,63.810001,0.07945456700431652,102,61.459999,0.03823628438392901,149,59.91,0.025872124853947742,111,60.720001,-0.013339937197959006,96,59.994999,0.012000016666666724,79,60.02,-0.0004165444851716993,77,60.580002,-0.009244007618223526,77,61.369999,-0.012872690449286184,73,62.07,-0.011277605928790124,77,60.27,0.029865604778496646,85,59.330002,0.015843552474513745,86,58.869999,0.007813878169082411,93,58.400002,0.008047893560003683,78,59.209999,-0.013680071165007135,92,59.110001,0.0016917272594869637,80,59.59,-0.008055026011075772,189,60.0,-0.006833333333333247,227,58.950001,0.017811687568928036,224,58.639999,0.005286528057410145,240,59.200001,-0.009459493083454507,282,59.119999,0.0013532138253249393,266,59.970001,-0.014173786657098786,249,59.75,0.003682025104602582,220,60.349998,-0.009941972160462997,231,58.790001,0.026535073540822074,188,58.990002,-0.0033904219904925537,242,57.82,0.020235247319266625,305,57.220001,0.010485826450789437,186,57.669998,-0.007802965417130658,140,59.0,-0.022542406779661017,177,57.349998,0.028770742066983157,212,57.33000183105469,0.0003487877080485813,230,56.5,0.01469030088495571,180,55.900001525878906,0.010733416431720322,,,
48,ABNB,Airbnb,Consumer Discretionary,48,185.479996,,77,179.289993,0.03452508919446484,55,184.059998,-0.025915489795887092,42,185.130005,-0.005779760012430191,42,180.095001,0.027957488947736087,38,184.979996,-0.026408233893571942,48,184.699997,0.0015159664566750664,52,178.070007,0.03723249137627094,224,151.639999,0.17429443533562683,263,152.490005,-0.005574175172989304,270,149.919998,0.017142522907450886,236,150.639999,-0.004779613680161998,202,151.520004,-0.0058078469955690215,191,152.080002,-0.0036822592887657546,207,153.009995,-0.006077988565387438,215,153.110001,-0.0006531643873479709,252,146.860001,0.04255753750131053,308,141.100006,0.04082207480558164,278,137.570007,0.025659655596295794,277,140.050003,-0.0177079325017937,282,144.100006,-0.028105501952581435,257,144.940002,-0.005795473909266158,230,145.979996,-0.007124222691443305,187,147.800003,-0.012313984865074734,116,148.380005,-0.003908895945919477,122,146.539993,0.01255638111024071,140,146.330002,0.0014350508927076788,145,148.619995,-0.015408377587416644,220,146.889999,0.011777493442558962,229,142.949997,0.027562099214314628,178,148.800003,-0.03931455565898079,191,147.649994,0.007788750739807115,175,148.929993,-0.008594635467417233,227,147.309998,0.010997182961064222,217,143.100006,0.02941992888525813,188,147.169998,-0.027655038766800755,170,145.559998,0.011060731122021439,200,141.880005,0.025937361645850032,172,144.39999389648438,-0.01745144809355037,242,138.85000610351562,0.03997110378230717,265,139.19000244140625,-0.0024426754444617504,,,
49,CTSH,Cognizant,Information Technology,49,58.18,,76,56.610001,0.02773359781428031,49,58.790001,-0.03708113561692239,29,59.290001,-0.008433125174006961,30,58.200001,0.01872852201497377,47,58.599998,-0.006825887604979042,23,58.310001,0.004973366404161128,27,57.669998,0.011097676819756375,22,56.889999,0.013710652376703214,33,55.779999,0.019899605950154386,18,56.130001,-0.006235560195340106,19,55.169998,0.01740081629149226,18,55.349998,-0.0032520326378331355,9,53.895,0.02690159454910601,7,55.970001,-0.03707344940015278,41,50.310001,0.11250248235932259,75,47.049999,0.06928803547902307,157,45.450001,0.03520347557308079,209,43.009998,0.056731065181635065,248,43.18,-0.003937054191755385,302,43.630001,-0.010314026809213228,361,44.639999,-0.022625403732647986,377,44.77,-0.0029037525128434716,383,44.560001,0.004712724310755867,418,43.18,0.031959263547938876,416,43.029999,0.003485963362444,421,44.16,-0.025588790760869617,455,42.57,0.03735024665257214,439,43.400002,-0.019124469164771063,450,42.43,0.022861230261607357,418,43.939999,-0.034365021264565865,441,41.369999,0.0621223123549024,443,41.990002,-0.01476549108047187,466,41.07,0.022400827854881733,484,38.73,0.06041828040278863,460,38.740002,-0.0002581827435115258,450,40.029999,-0.032225756488277746,400,39.150002,0.0224775722872248,390,41.439998626708984,-0.05526054670030278,401,40.95000076293945,0.01196576283355899,395,41.83000183105469,-0.021037555771572736,,,
50,MGNI,MAGNITE,Communication,50,25.08,,85,24.190001,0.03679201997552628,99,24.73,-0.021835786494136755,135,24.58,0.0061025223759154645,96,24.34,0.009860312243221037,120,24.299999,0.0016461317549849586,115,24.209999,0.0037174722725101805,117,24.719999,-0.02063106879575527,,,,,,,,,,,,,,,,,,,,,,,,,,,,,,,,,,,,,,,,,,,,,,,,,,,,,,,,,,,,,,,,,,,,,,,,,,,,,,,,,,,,,33,18.73,0.019754404698344885,41,17.32,0.0814087759815243,17,18.290000915527344,-0.053034496826982136,11,18.0,0.016111166666666676,,,,,,
51,RCAT,RED CAT HOLDINGS INC,Industrials,51,10.505,,58,10.44,0.006226053639846851,20,11.13,-0.06199460916442057,130,10.23,0.08797653958944274,187,10.32,-0.008720930232558155,102,10.66,-0.031894934333958735,222,10.0,0.06600000000000006,372,9.21,0.08577633007600416,410,8.67,0.06228373702422152,424,8.66,0.0011547344110853786,445,8.86,-0.022573363431151128,469,8.26,0.07263922518159793,,,,,,,,,,,,,416,7.79,-0.04364569961489084,443,7.64,0.01963350785340312,461,8.03,-0.04856787048567868,,,,,,,,,,,,,486,7.67,-0.003911342894393766,491,8.24,-0.06917475728155342,486,8.79,-0.06257110352673478,492,8.38,0.04892601431980892,493,8.83,-0.05096262740656843,492,9.19,-0.03917301414581065,494,9.17,0.0021810250817884125,495,9.23,-0.00650054171180936,486,10.11,-0.08704253214638957,483,10.44,-0.031609195402298895,488,10.55,-0.010426540284360297,491,10.65,-0.009389671361502261,494,10.32,0.03197674418604657,478,9.28,0.11206896551724155,465,8.91,0.041526374859708115,431,9.34000015258789,-0.04603854389721629,313,10.180000305175781,-0.08251473477406679,254,10.630000114440918,-0.04233301975540926,,,
52,NESR,NATIONAL ENERGY SERVICES REUNITED,Energy,52,35.290001,,65,35.779999,-0.01369474605071952,41,36.310001,-0.014596584560821246,62,35.900002,0.011420584321973015,78,34.82,0.031016714531878264,49,36.009998,-0.03304632230193416,55,35.790001,0.006146884432889799,,,,,,,,,,,,,,,,,,,,,,,,,,,,,,,,,,,,,,,,,,,,,,,,,,,,,,,,,,,,,89,28.620001,-0.014675051898146219,165,27.879999,0.0265423969348062,139,27.200001,0.024999925551473456,171,27.77,-0.02052571119913571,167,27.629999,0.005066992582952956,134,27.9,-0.009677455197132478,85,28.799999,-0.03124996636284605,62,29.93,-0.037754794520547974,87,28.49,0.050544050544050645,127,28.24,0.00885269121813037,188,26.98,0.04670126019273524,,,,,,,,,,,,
53,TER,Teradyne,Information Technology,53,403.929993,,6,443.140015,-0.08848224189368226,35,418.790009,0.05814371278374986,68,410.519989,0.020145230979239814,90,402.73999,0.019317671930219937,124,379.559998,0.06107069270244847,202,365.100006,0.03960556494759415,150,379.309998,-0.037462740436385755,98,384.890015,-0.014497692282300467,62,389.390015,-0.011556536702668097,101,403.559998,-0.035112456809953674,136,365.799988,0.1032258371752599,273,367.690002,-0.005140237672277004,360,365.48999,0.006019349531296347,408,319.410004,0.14426594478236798,405,320.649994,-0.0038671137477083173,417,334.769989,-0.04217819835696213,372,349.920013,-0.04329567740385276,316,373.75,-0.06375916254180602,373,369.459991,0.011611565810924374,384,374.040009,-0.01224472754196726,398,333.76001,0.12068551591905807,414,322.359985,0.03536426830395856,384,322.299988,0.00018615265973886963,319,342.119995,-0.05793291035211212,220,353.230011,-0.0314526389435239,156,341.109985,0.03553113814595599,156,359.600006,-0.0514183000319528,171,362.75,-0.008683649896622958,151,351.570007,0.03180018994054867,294,343.109985,0.024656880795818292,216,379.519989,-0.09593698633881442,179,369.089996,0.028258671633029087,36,427.339996,-0.13630832719902963,5,483.839996,-0.11677414117703488,21,463.209991,0.044537046697682214,37,436.859985,0.06031682210491307,6,471.959991,-0.07437072351329888,13,427.20001220703125,0.1047752287984487,9,420.1199951171875,0.016852368571507848,6,457.0,-0.08070022975929969,,,
54,NSIT,INSIGHT ENTERPRISES INC,Information Technology,54,148.110001,,64,149.309998,-0.008036950077515925,45,154.25,-0.03202594489465149,32,156.600006,-0.015006423435258376,43,154.669998,0.012478231233959303,62,150.949997,0.02464392894290679,42,154.740005,-0.02449274833615267,31,149.320007,0.0362978686439519,17,149.190002,0.000871405578505291,30,140.279999,0.06351584733045224,,,,,,,,,,,,,,,,,,,,,,,,,,,,,,,,,,,,,,,,,,,,,,,,,,,,,,,,,,,,,,,,,,,,,,,,,,,,,,,,,,,,,,,,,,,,,,,,
55,FAST,Fastenal,Industrials,55,51.359901,,74,51.23,0.0025356431778256194,87,51.02,0.004116032928263236,65,51.34,-0.006232956758862485,53,52.220001,-0.016851799753891283,69,52.380001,-0.003054600934429108,59,52.150002,0.004410335401329402,48,51.84,0.005979976851851809,53,50.799999,0.02047246103292255,73,49.990002,0.016203179987870353,97,49.709999,0.005632729946343229,102,48.110001,0.03325707683938739,92,47.709999,0.008384028681283295,129,46.66,0.022503193313330616,103,47.779999,-0.02344074975807342,93,48.099998,-0.006652786139409006,109,47.639999,0.009655730681270569,91,47.02,0.013185857082092634,91,46.150002,0.018851526810334862,118,45.330002,0.018089564611093456,129,45.009998,0.007109620400338468,104,44.759998,0.005585344306762385,96,45.490002,-0.016047570189159255,196,46.669998,-0.02528382366761628,245,45.360001,0.028880003772486784,246,45.740002,-0.00830784834683651,242,47.049999,-0.02784265733990776,278,46.490002,0.01204553615635473,289,46.349998,0.0030205826546096937,301,46.509998,-0.0034401205521445988,281,47.110001,-0.012736212847883288,256,48.310001,-0.024839577213008224,191,48.599998,-0.005967016706461603,195,47.75,0.01780100523560213,191,48.029999,-0.005829669078277422,218,47.400002,0.013291075388562223,221,47.099998,0.0063695119477500395,224,46.919998,0.003836317299075853,226,46.2599983215332,0.014267186090237027,236,45.599998474121094,0.014473684845337065,244,46.119998931884766,-0.011274956879335551,,,
56,RYTM,RHYTHM PHARMACEUTICALS,Health Care,56,116.665001,,81,115.440002,0.01061156426521892,71,115.480003,-0.0003463889761068373,80,116.019997,-0.004654318341345998,70,117.599998,-0.013435382881554103,82,112.845001,0.04213741820960237,60,115.480003,-0.022817820674978728,88,115.629997,-0.001297189344387939,95,112.099998,0.03148973294361701,109,110.709999,0.012555315803046918,137,105.779999,0.04660616417665109,,,,,,,124,105.739998,-0.061376944607091866,118,106.529999,-0.007415760888160761,103,108.040001,-0.013976323454495287,119,106.129997,0.01799683458014223,,,,,,,,,,50,106.055,-0.024671642113914483,57,104.599998,0.019120459256605438,30,106.599998,-0.01876172643080165,53,106.089996,0.004807258169752471,42,109.690002,-0.03281981889288332,38,109.959999,-0.002455411080896641,44,107.489998,0.022978891487187347,45,108.400002,-0.00839487069382161,31,115.480003,-0.06130932469754091,39,114.43,0.009175941623700057,31,114.459999,-0.000262091562660105,32,111.68,0.02489254118911166,18,114.169998,-0.021809565066297054,48,110.410004,0.034054830756097054,49,111.029999,-0.0055840313931733165,69,110.040001,0.00899671020540982,54,109.839996,0.0018208758856836926,52,108.260002,0.014594439043147167,40,107.55000305175781,0.006601571178012966,62,106.19000244140625,0.012807241495296218,106,101.38999938964844,0.047341976993214185,,,
57,BKR,Baker Hughes,Energy,57,64.489998,,72,64.900002,-0.0063174728407559,75,64.82,0.001234217834001905,97,63.439999,0.021752853432421837,89,64.279999,-0.013067828454695563,91,64.809998,-0.008177735169811129,93,64.07,0.011549836116747203,106,61.549999,0.040942340226520546,87,62.75,-0.01912352191235056,51,61.669998,0.017512599886901237,34,61.73,-0.0009720071278146447,28,60.810001,0.015129073916640756,37,60.490002,0.0052901138935324,56,59.900002,0.009849749253764584,83,58.720001,0.020095384535160354,80,58.459999,0.004447519747648343,66,60.59,-0.03515433239808552,102,57.25,0.058340611353711935,163,56.09,0.020681048315207562,173,56.599998,-0.009010565689419159,177,56.380001,0.003902039661191292,260,55.150002,0.022302791575601333,253,55.950001,-0.014298462657757582,216,56.540001,-0.010435090017065884,213,57.25,-0.012401729257641936,201,57.775002,-0.009172706977720768,213,57.66,0.0019944849115505203,210,57.560001,0.0017373001782956532,244,57.200001,0.0062937061836765285,184,57.580002,-0.006599530857953062,289,54.470001,0.05709566629161622,307,53.25,0.022910816901408504,321,52.779999,0.008904907330521183,287,53.82,-0.019323690078038025,274,55.5,-0.030270270270270294,279,56.310001,-0.01438467386992237,235,56.560001,-0.004420084787480794,270,56.939999,-0.006673656597710909,277,56.380001068115234,0.009932564563097435,243,58.68000030517578,-0.03919562031356505,269,59.150001525878906,-0.007945933797263494,,,
58,CAKE,CHEESECAKE FACTORY INC,Consumer Discretionary,58,108.230003,,56,109.07,-0.007701448610983763,21,113.379997,-0.03801373358653393,13,111.879997,0.013407222383103878,12,117.290001,-0.04612502305290289,17,113.059998,0.03741378980035015,26,111.190002,0.01681802290101575,13,107.050003,0.038673506622881604,8,107.309998,-0.002422840414180172,8,105.309998,0.018991549121480267,8,105.830002,-0.004913578287563447,9,104.889999,0.008961798159612844,23,101.419998,0.03421416947770006,26,101.309998,0.0010857763515108587,26,101.139999,0.0016808285710976367,118,89.010002,0.13627678606276183,138,87.029999,0.022750810326908066,133,84.720001,0.02726626502282503,130,84.459999,0.003078404014662528,116,85.68,-0.01423904061624659,128,87.07,-0.015964166762375,122,86.110001,0.011148519206265028,89,85.769997,0.003964136783169092,83,83.309998,0.029528256620531934,161,80.269997,0.03787219526120067,159,80.440002,-0.002113438535220391,97,81.949997,-0.018425809094294254,69,82.760002,-0.00978739705685372,121,78.419998,0.05534307715743614,130,76.629997,0.023359011745752722,81,77.739998,-0.014278377007418963,117,76.889999,0.011054740682205022,93,79.18,-0.02892145743874719,102,79.639999,-0.0057759794798590836,112,79.540001,0.0012572039067486607,82,79.360001,0.002268145132710009,75,80.379997,-0.012689674521883965,83,79.050003,0.016824717894065033,55,78.16999816894531,0.011257579922158811,56,77.05000305175781,0.014535950115407648,78,76.91000366210938,0.001820296355725004,,,
59,TXG,10X GENOMICS CLASS A,Health Care,59,56.389999,,55,57.990002,-0.027591014740782294,74,56.09,0.033874166518095716,66,58.150002,-0.03542565656317598,62,57.75,0.006926441558441576,19,58.48,-0.012482900136798869,28,58.57,-0.0015366228444596564,97,52.029999,0.12569673507008927,88,45.599998,0.14100880004424554,26,47.459999,-0.03919091949411979,108,47.860001,-0.008357751601384078,75,47.009998,0.018081323891994128,73,47.27,-0.005500359636132823,29,49.43,-0.04369815901274521,37,46.32,0.06714162348877384,40,47.049999,-0.01551538821499232,40,45.919998,0.02460803678606438,16,46.27,-0.007564339744975168,4,48.060001,-0.037245130311170715,9,47.049999,0.02146656793765289,25,47.200001,-0.0031780084072455805,33,43.220001,0.09208699463010195,27,43.740002,-0.011888453960290035,19,44.48,-0.016636645683453244,7,45.75,-0.02775956284153014,7,45.790001,-0.0008735749973012297,16,41.77,0.09624134546325092,24,42.73,-0.022466651064825482,15,43.099998,-0.00858464076958898,119,37.470001,0.15025345208824503,179,37.830002,-0.009516282869876602,100,40.0,-0.05424994999999999,72,39.009998,0.025378160747406175,54,39.049999,-0.001024353419317503,44,38.34,0.018518492436097933,46,37.150002,0.03203224592020226,19,36.75,0.010884408163265302,20,35.73,0.02854743912678437,12,34.599998474121094,0.032659019228844954,53,31.8700008392334,0.08566039894382182,48,32.939998626708984,-0.0324832432447858,,,
60,TMDX,TRANSMEDICS GROUP,Health Care,60,91.75,,100,88.349998,0.038483328545179996,108,88.580002,-0.0025965680154307336,90,89.639999,-0.011825044754853353,92,87.019997,0.030108045165756492,79,89.360001,-0.02618625754044024,47,88.410004,0.010745356373923487,67,83.889999,0.053880141302659945,77,80.209999,0.04587956671087867,130,76.489998,0.048633822686202643,99,80.75,-0.0527554427244582,50,81.550003,-0.009809968983079065,94,76.510002,0.06587375334273293,82,76.129997,0.0049915278467698165,89,78.0,-0.023974397435897354,,,,,,,322,72.260002,0.027954566068237874,,,,,,,,,,,,,,,,,,,,,,243,74.150002,0.010591246043236247,247,75.739998,-0.015183549384302886,330,71.230003,0.06331594566969212,348,72.190002,-0.013298226532810098,342,70.440002,0.02484383802260548,327,71.114998,-0.009491612444396003,325,71.230003,-0.001614558404553157,304,68.860001,0.034417687562914745,317,67.849998,0.014885822104224733,,,,,,,,,,122,77.614998,-0.11974273954983916,124,77.61499786376953,0.0017393803192522483,176,73.83000183105469,0.05126636729604872,166,75.51000213623047,-0.022248708191002442,,,
61,VRTX,Vertex Pharmaceuticals,Health Care,61,531.549988,,96,515.549988,0.03103481790789986,98,505.75,0.019377138902619828,72,516.440002,-0.020699407401830294,58,525.72998,-0.017670626278531665,56,529.650024,-0.007401196681528055,63,523.909973,0.010956178152386586,109,496.070007,0.05612104260921402,124,484.029999,0.024874507829833803,164,484.829987,-0.0016500382019482007,186,478.704987,0.012784349846586052,180,470.720001,0.016963345477219338,109,477.100006,-0.013372468915877511,101,481.700012,-0.009549524362478135,111,483.329987,-0.003372385417501511,81,490.390015,-0.014396761320680573,88,479.0,0.023778736951983293,77,477.359985,0.003435593789873348,70,473.089996,0.00902574359234598,76,472.570007,0.0011003427900577734,57,482.0,-0.01956430082987559,76,480.5,0.003121748178980255,58,485.649994,-0.01060433246911563,118,486.029999,-0.0007818550311335937,121,477.079987,0.018759982065648773,114,476.309998,0.0016165711474316335,107,480.25,-0.008204064549713674,110,485.390015,-0.010589453513995317,112,496.5,-0.022376606243705965,120,498.429993,-0.0038721445882170524,71,522.25,-0.045610353279080806,53,529.590027,-0.013859828595299328,38,528.039978,0.0029354766013567346,80,498.01001,0.06029992850946919,97,496.730011,0.0025768505458794166,86,499.649994,-0.0058440569099657,88,491.339996,0.01691292804911404,111,480.179993,0.023241291104771022,115,475.20001220703125,0.010479757731992612,130,468.4200134277344,0.014474187293103569,147,466.7900085449219,0.003491942776350232,,,
62,NBIS,Nebius Group N.V. - Class A Ordinary Shares,,62,254.639999,,18,268.850006,-0.05285477657753901,23,277.679993,-0.0317991473011886,150,255.039993,0.08877039139504683,106,259.200012,-0.016049455275488178,471,193.229996,0.3414067037500741,477,184.110001,0.04953557628843841,468,187.970001,-0.020535191676676057,477,189.880005,-0.010059005422924927,323,218.990005,-0.13292844118616276,365,225.740005,-0.02990165611097595,391,212.580002,0.061906119466496046,443,190.410004,0.11643294750416588,486,188.429993,0.010507939678159328,484,148.220001,0.27128587052161746,494,169.690002,-0.1265248438148996,497,187.880005,-0.09681713069999132,497,187.770004,0.0005858283946140741,477,220.970001,-0.15024662555891466,472,218.160004,0.012880440724597708,480,216.919998,0.005716420853000281,497,182.619995,0.18782172784529982,501,177.710007,0.027629215050337663,494,171.770004,0.03458114258412648,456,199.509995,-0.13904060796553075,464,194.089996,0.027925184768410105,424,210.509995,-0.07800104218329396,428,219.649994,-0.04161165148950552,425,216.199997,0.01595743315389586,437,216.479996,-0.0012934174296640455,472,195.190002,0.10907317886087231,459,213.020004,-0.08370106875033201,460,215.619995,-0.012058209165620282,467,229.179993,-0.05916745970055082,251,276.170013,-0.17014888578797294,290,261.149994,0.05751491229212902,283,240.300003,0.08676650328631075,169,256.630005,-0.06363247352935208,188,259.6600036621094,-0.011669101722728281,145,275.25,-0.056639404178019936,52,283.6099853515625,-0.0294770475024001,,,
63,RDNT,RADNET,Health Care,63,75.0,,78,75.93,-0.014149901224812411,68,76.349998,-0.005500956267215473,47,77.309998,-0.012417540096172242,52,76.949997,0.004678375750943875,63,76.339996,0.007990582027276982,67,77.279999,-0.012163600053876844,,,,,,,,,,,,,,,,,,,,,,,,,,,,,,,,,,,,,,,,,,,,,,,,,,,,,,,,,,,,,,,,,,,,,,,,,,,,40,69.654999,0.002472698181818389,,,,,,,,,,,,,,,,,,,,,,,,,,,
64,ADSK,Autodesk,Information Technology,64,249.5,,95,241.639999,0.032527731470483934,60,251.660004,-0.03981564349017497,35,257.959991,-0.024422341525046853,39,249.509995,0.033866362748314005,51,251.589996,-0.008267423319963885,35,256.070007,-0.0174952586305821,32,249.080002,0.028063292692602326,34,242.470001,0.02726110847832275,40,240.029999,0.010165404366810016,38,237.210007,0.011888166252615129,33,234.710007,0.010651441887605584,27,234.199997,0.0021776686871606277,21,234.970001,-0.0032770310964078675,11,245.25,-0.04191640774719674,16,237.380005,0.03315357163296029,19,225.910004,0.05077243502682616,47,209.75,0.07704411918951126,48,205.259995,0.02187472040033911,58,203.5,0.008648624078624101,65,211.149994,-0.036230140740614925,55,217.800003,-0.030532639616171253,71,218.350006,-0.002518905357850154,173,217.059998,0.005943094130130833,224,208.979996,0.03866399729474579,295,205.919998,0.014860130291959317,368,212.220001,-0.029686188720732365,393,208.449997,0.018085891361274475,390,208.580002,-0.0006232860233648108,406,206.039993,0.012327747458232619,367,212.380005,-0.029852207603065062,385,207.539993,0.023320864234586347,378,207.479996,0.00028917004606077157,437,199.759995,0.038646381624108495,428,194.419998,0.027466294902441124,439,195.240005,-0.004199994770539006,427,196.259995,-0.005197136584050188,430,189.729996,0.03441732534480213,430,192.61000061035156,-0.014952520559926796,445,188.77999877929688,0.020288176821104953,459,187.72000122070312,0.005646697178528282,,,
65,SSRM,SSR MINING,Materials,65,31.940001,,71,32.779999,-0.025625321099003062,84,32.189999,0.018328674070477557,134,31.83,0.011310053408734033,130,32.52,-0.021217712177121872,137,31.969999,0.017203660219069716,164,31.4,0.01815283439490445,161,31.780001,-0.011957236879885591,255,28.77,0.1046229058046575,302,29.0,-0.00793103448275867,395,26.58,0.09104589917230999,371,26.99,-0.01519081141163392,349,25.620001,0.05347380743661945,312,26.68,-0.039730097451274426,354,25.01,0.0667732906837264,382,25.41,-0.015741833923652027,358,26.290001,-0.03347284011134122,334,26.860001,-0.021221145896457738,348,27.200001,-0.012499999540441231,352,28.08,-0.03133899572649568,376,27.209999,0.031973577066283454,432,25.049999,0.0862275483523971,435,25.57,-0.020336370746969146,400,25.889999,-0.012359946402469846,283,27.25,-0.049908293577981655,209,27.809999,-0.020136606261654366,134,27.889999,-0.0028684117199142545,151,28.58,-0.024142792162351268,196,29.15,-0.019554030874785577,300,28.200001,0.03368790660681187,260,29.91,-0.0571714811099967,308,30.639999,-0.02382503341465514,296,30.620001,0.0006531025260254619,365,28.83,0.06208813735691998,424,28.280001,0.019448337360384205,387,28.375,-0.00352353782676329,355,29.379999,-0.0342069106265116,426,28.459999,0.03232607281539268,405,28.350000381469727,0.003880035273368554,393,29.260000228881836,-0.031100478468899517,305,30.719999313354492,-0.04752601066165396,,,
66,ONDS,ONDAS INC,Information Technology,66,9.02,,47,9.0,0.0022222222222221255,44,9.24,-0.025974025974025983,103,8.91,0.03703703703703698,63,9.77,-0.0880245649948822,39,9.74,0.0030800821355234653,91,9.31,0.04618689581095592,155,9.11,0.021953896816685026,190,8.74,0.042334096109839736,137,8.87,-0.01465614430665152,220,8.86,0.0011286681715574343,201,8.37,0.05854241338112298,406,7.49,0.11748998664886501,374,7.58,-0.01187335092348285,424,6.8264,0.11470588235294121,330,7.86,-0.13150127226463115,244,8.02,-0.01995012468827917,233,7.8,0.028205128205128105,324,7.93,-0.016393442622950838,346,8.0,-0.008750000000000036,398,7.66,0.044386422976501194,421,6.87,0.11499272197962163,451,6.525,0.05287356321839076,451,6.65,-0.018796992481203034,458,7.05,-0.05673758865248224,475,7.36,-0.04211956521739135,479,6.96,0.05747126436781613,480,7.26,-0.04132231404958675,478,7.65,-0.050980392156862786,483,7.52,0.01728723404255339,494,7.35,0.023129251700680253,484,7.82,-0.06010230179028142,499,7.41,0.055330634278002666,500,7.92,-0.06439393939393934,500,8.24,-0.03883495145631066,492,8.02,0.02743142144638422,485,7.83,0.024265644955300036,489,7.675,0.020195439739413734,477,7.679999828338623,-0.0006510416666666297,467,8.529999732971191,-0.09964830011723325,470,8.890000343322754,-0.04049493813273353,,,
67,SWKS,Skyworks Solutions,Information Technology,67,66.32,,61,67.730003,-0.02081799701086684,37,69.620003,-0.027147370275177996,33,69.760002,-0.002006866341546343,27,69.68,0.0011481343283581413,46,68.330002,0.019757031472061426,52,68.790001,-0.0066870038277803134,25,70.620003,-0.025913366217217404,30,66.839996,0.05655307041011781,27,66.989998,-0.002239170092227849,37,66.790001,0.0029944152868031093,72,61.290001,0.0897373129427752,97,62.279999,-0.015895921899420684,128,62.48,-0.0032010403329065795,163,61.189999,0.021081892810620895,144,64.68,-0.053957962275819504,200,63.439999,0.01954604381377756,265,60.209999,0.053645574715920574,291,60.470001,-0.004299685723504476,292,63.16,-0.04259023115896121,255,62.950001,0.003335964998634422,278,59.799999,0.052675619609960256,288,59.349998,0.0075821569530634125,242,57.630001,0.029845513971099802,215,57.509998,0.0020866458732966553,213,56.580002,0.016436832222098685,163,58.240002,-0.028502746273944113,255,60.380001,-0.035442182255015275,296,59.950001,0.007172643750247731,276,58.490002,0.024961513935321866,322,59.759998,-0.021251607136934747,330,61.91,-0.034727863026974504,289,62.560001,-0.01039004139402111,208,65.93,-0.051114803579554224,145,67.800003,-0.02758116397133492,227,67.709999,0.0013292571456102742,179,68.0,-0.004264720588235349,196,69.940002,-0.02773808899805308,170,71.4000015258789,-0.020448178698930453,59,,-0.027777777021302463,91,76.18000030517578,,,,
68,ROAD,CONSTRUCTION PARTNERS CLASS A,Industrials,68,116.010002,,66,120.459999,-0.036941698795796896,48,121.550003,-0.008967535772088864,58,118.595001,0.024916750074482463,14,121.529999,-0.02415039927713658,10,120.790001,0.006126318353122606,13,118.160004,0.02225792917204039,9,119.739998,-0.013195206500671519,150,100.160004,0.19548715273613615,128,105.07,-0.04673071285809449,147,106.709999,-0.015368747215525724,116,108.120003,-0.01304110211687659,159,103.349998,0.046153895426297,271,101.690002,0.01632408267628893,262,104.029999,-0.022493482865456937,286,106.660004,-0.02465783706514768,171,105.050003,0.01532604430292106,137,103.290001,0.017039422818865058,94,104.040001,-0.0072087657899965185,126,104.239998,-0.0019186205279857482,212,103.209999,0.009979643542095129,298,102.449997,0.007418272545191007,297,104.470001,-0.019335732561158836,380,102.410004,0.020115193043054536,334,103.860001,-0.01396107246330569,402,97.349998,0.06687214313039846,426,93.510002,0.04106508306993728,444,94.889999,-0.014543123770082489,,,,,,,,,,,,,,,,,,,,,,,,,213,122.870003,-0.021648929234582948,180,125.800003,-0.023290937441392656,166,125.1500015258789,0.00519377538643595,169,123.05000305175781,0.01706622469566299,161,127.05000305175781,-0.03148366710388817,,,
69,WTW,Willis Towers Watson,Financials,69,331.76001,,89,326.059998,0.017481482043068652,77,331.589996,-0.01667721604001582,64,333.98999,-0.007185826138082718,57,340.290009,-0.018513676080334274,71,342.390015,-0.006133373953676746,54,343.01001,-0.0018075128478028946,38,344.820007,-0.005249106673789861,39,340.01001,0.014146633506466388,31,338.070007,0.005738465287753458,24,339.630005,-0.004593227856885096,17,341.630005,-0.0058542867158287715,19,335.920013,0.01699807031145828,8,336.049988,-0.0003867728154777206,31,315.929993,0.06368497909598592,21,316.160004,-0.0007275145403907723,35,302.640015,0.04467350095789557,42,295.109985,0.025516012275897726,47,288.369995,0.02337271601367541,45,286.51001,0.006491867422014241,62,288.820007,-0.00799805049516511,69,293.299988,-0.0152743988520041,63,293.429993,-0.00044305286815049527,107,294.329987,-0.0030577720237523476,176,285.119995,0.032302161060293155,161,288.73999,-0.012537213844192374,165,295.549988,-0.023041780668250245,168,289.649994,0.02036939106582536,173,289.130005,0.0017984608688399462,177,292.579987,-0.01179158573139194,146,293.899994,-0.004491347488765118,154,287.660004,0.021692240538243146,182,286.220001,0.005031105425787441,237,275.040009,0.04064860250931712,272,261.369995,0.05230138983627408,266,264.700012,-0.012580343215095824,252,265.429993,-0.0027501827949036883,295,257.690002,0.03003605471662829,268,261.5,-0.014569782026768618,291,257.54998779296875,0.015336875107911041,324,252.97000122070312,0.018104862165059687,,,
70,PRAX,PRAXIS PRECISION MEDICINES,Health Care,70,370.029999,,90,376.380005,-0.016871262861054448,93,366.809998,0.02608982048520936,112,368.459991,-0.004478079141026714,69,386.329987,-0.046255782883351526,80,370.679993,0.04221968893799999,117,366.959991,0.01013735036853114,131,360.76001,0.017185887648689224,108,370.160004,-0.025394407549228393,266,319.230011,0.15954011604504204,257,310.070007,0.029541728620014585,269,305.51001,0.01492585136572111,254,307.829987,-0.007536552960969334,313,307.75,0.00025990901705941205,396,291.029999,0.057451125510947776,383,295.809998,-0.01615901772190953,307,315.799988,-0.06329952742113465,169,325.299988,-0.029203812943270124,175,322.399994,0.008995018777822938,219,312.100006,0.03300220378720531,189,317.869995,-0.01815204042772267,180,304.429993,0.044148087603181674,91,314.410004,-0.03174202752149069,108,308.200012,0.020149226989647273,93,318.420013,-0.03209597570112521,39,327.679993,-0.028259216912275842,48,314.559998,0.041709038286553035,50,324.98999,-0.032093271549686664,70,333.119995,-0.02440563497246706,61,332.98999,0.0003904171413682267,93,323.950012,0.02790547203313576,179,313.5,0.033333371610845264,74,318.519989,-0.01576035782168761,314,319.600006,-0.003379277158086169,312,334.790009,-0.0453717333004402,192,350.559998,-0.04498513546887917,281,327.790009,0.06946517091678661,294,327.859985,-0.0002134325724439945,348,308.94000244140625,0.06124160962490066,431,305.3699951171875,0.011690758943097679,423,303.3900146484375,0.006526187092874558,,,
71,TSCO,Tractor Supply,Consumer Discretionary,71,35.459999,,91,34.68,0.02249132064590542,72,35.830002,-0.03209606295863454,54,36.169998,-0.009399945225321837,47,36.43,-0.0071370299203953325,68,35.290001,0.03230373952100485,90,34.619999,0.019353033487955917,78,34.560001,0.0017360531905077359,59,34.09,0.013787063655030796,104,33.41,0.020353187668362915,113,33.119999,0.008756069104953745,172,32.110001,0.03145431231845808,217,30.77,0.04354894377640561,231,30.209999,0.018536942023732017,176,31.0,-0.025483903225806404,163,31.459999,-0.014621710572845226,139,31.799999,-0.010691824235592007,124,31.02,0.025145035460993004,138,30.32,0.02308707124010545,211,29.360001,0.03269751251030262,238,29.639999,-0.00944662649954875,183,30.299999,-0.021782178936705532,196,30.51,-0.006883021960013225,291,31.01,-0.0161238310222509,346,30.17,0.0278422273781902,337,30.549999,-0.012438592878513566,363,30.24,0.010251289682539744,303,30.43,-0.006243838317449901,339,30.120001,0.010292131132399351,336,29.58,0.01825561189993241,266,30.43,-0.027932960893854775,281,30.219999,0.006949073691233432,231,31.76,-0.048488696473551696,267,32.259998,-0.015499009020397359,283,31.610001,0.020563017381745707,284,31.200001,0.013141025219838953,244,31.209999,-0.0003203460531991942,237,30.75,0.014959317073170775,338,30.059999465942383,0.022954125846777362,352,29.68000030517578,0.012803200808625403,362,29.809999465942383,-0.004360919300936628,,,
72,IONS,"Ionis Pharmaceuticals, Inc. - Common Stock",,72,59.84,,112,58.630001,0.020637881278562586,137,57.240002,0.024283699361156597,158,55.869999,0.02452126408665234,141,56.529999,-0.011675216905629116,189,55.419998,0.020028889210714107,189,56.939999,-0.02669478445196316,276,56.560001,0.006718493516292501,452,54.490002,0.03798860201913734,465,54.189999,0.00553613222986038,441,55.07,-0.015979680406755015,419,54.490002,0.010644117796141828,408,51.77,0.0525401197604789,388,53.279999,-0.028340822603994287,378,54.040001,-0.014063693300079727,415,55.299999,-0.022784774372238248,409,55.959999,-0.011794138881239147,396,56.549999,-0.010433245100499366,408,55.869999,0.012171111726706929,402,54.009998,0.03443808681496341,414,53.389999,0.011612643034512926,404,52.950001,0.008309688228334444,391,54.389999,-0.026475418762188285,420,54.650002,-0.004757602753610146,401,54.73,-0.0014616846336560352,413,54.93,-0.0036409976333515726,415,56.75,-0.03207048458149775,423,58.25,-0.025751072961373356,389,64.269997,-0.09366729859968725,142,84.459999,-0.23904809660251114,128,86.330002,-0.02166110224345874,156,83.18,0.03786970425583047,147,81.800003,0.016870378354387094,222,79.190002,0.03295871870289879,227,79.290001,-0.0012611804608250177,217,80.690002,-0.017350365166678317,195,81.18,-0.00603594481399361,239,78.339996,0.03625228676294556,269,76.5199966430664,0.023784619332904544,285,75.98999786376953,0.006974588945245275,301,75.88999938964844,0.0013176835066237569,,,
73,PANW,Palo Alto Networks,Information Technology,73,370.720001,,88,375.76001,-0.013412840286011307,65,384.269989,-0.022145832991397052,53,396.0,-0.029621239898989904,55,387.01001,0.02322934747863492,37,383.799988,0.00836378869297949,24,385.040009,-0.0032204990936409716,47,363.859985,0.05820926970026674,28,359.48999,0.01215609647434146,36,362.660004,-0.008741008010356821,70,366.339996,-0.010045291369168319,68,347.130005,0.055339471446727906,113,331.829987,0.0461080028912515,107,325.679993,0.018883548674112127,125,314.149994,0.03670220983674444,46,319.0,-0.015203780564263303,34,317.320007,0.005294317921781699,15,323.790009,-0.01998209277667995,17,325.630005,-0.005650572649163577,18,335.279999,-0.028781895814787295,20,342.149994,-0.02007889849619582,12,348.660004,-0.018671513581466126,5,358.679993,-0.027935734346911323,40,353.98999,0.01324897068417119,44,354.019989,-8.47381530200142e-05,44,352.890015,0.003202057162201122,58,330.299988,0.0683924548008159,56,325.910004,0.013469927115216551,72,338.309998,-0.036652756564409916,114,320.589996,0.05527309716801021,86,337.040009,-0.048807300500635864,58,357.529999,-0.05730984828492669,131,348.059998,0.027207955681250118,123,352.040009,-0.011305564419525904,110,341.019989,0.03231487993508786,65,332.0,0.027168641566265084,92,304.200012,0.09138720218064944,140,293.089996,0.03790650022732267,195,285.260009765625,0.02744859330265026,141,290.9150085449219,-0.019455529860711085,150,286.3999938964844,0.015764717509037407,,,
74,ADBE,Adobe Inc.,Information Technology,74,264.309998,,119,254.039993,0.04042672525187796,79,264.019989,-0.037800153078560994,44,270.48999,-0.023919557984382278,49,258.75,0.04537194202898531,67,263.709991,-0.018808506197249053,38,272.959991,-0.03388775023809254,33,265.209991,0.02922212685418768,33,260.23999,0.01909776049407319,25,259.320007,0.003547674591879879,23,257.48999,0.007107138417303149,25,251.339996,0.024468823497554082,22,250.410004,0.0037138771819995586,20,247.899994,0.010125091007464837,9,263.429993,-0.058953040324455475,12,249.179993,0.0571875768533312,16,237.75,0.0480756803364879,24,225.110001,0.05615032181533319,55,212.169998,0.06098884442653385,38,218.360001,-0.028347696334733108,33,227.160004,-0.03873922717486822,35,234.740005,-0.03229104898417301,45,237.25,-0.010579536354056951,98,235.309998,0.008244452069563035,157,224.559998,0.04787139337256319,280,220.779999,0.017121111591272387,327,230.610001,-0.042626087148752934,381,223.639999,0.031166168982141862,402,222.649994,0.004446463178436,415,220.940002,0.00773962154666763,401,221.539993,-0.002708273986449128,407,218.070007,0.015912257021205134,416,219.720001,-0.00750953027712753,455,210.979996,0.041425752041440056,459,205.020004,0.029070295013748915,419,206.429993,-0.006830349502555122,425,202.729996,0.018250861110854055,439,193.410004,0.048187745241968116,438,196.57000732421875,-0.01607571291382215,440,197.42999267578125,-0.0043559035125934065,464,194.89999389648438,0.012981011174376889,,,
75,CME,CME Group,Financials,75,272.299988,,94,267.880005,0.01649986157048189,92,269.799988,-0.00711631981243821,95,267.209991,0.009692740119137122,99,262.170013,0.019224082656623454,123,259.320007,0.010990305117491328,83,263.649994,-0.016423239516554,70,263.660004,-3.7965561132335957e-05,60,264.320007,-0.002496984649368428,49,264.779999,-0.0017372611290024098,44,262.630005,0.008186398960773777,32,266.170013,-0.013299800229562342,29,267.790009,-0.006049501271722213,22,267.220001,0.002133103801612357,20,265.440002,0.006705843077864371,18,260.0,0.020923084615384502,27,255.360001,0.018170422077966597,31,255.309998,0.00019585210290129496,52,254.320007,0.0038926980683828827,85,249.240005,0.020381968777444026,145,237.380005,0.04996208505429922,145,245.110001,-0.03153684455331551,177,245.050003,0.0002448398256089668,362,246.270004,-0.0049539163527199115,382,245.179993,0.00444575834538008,370,243.610001,0.00644469436211681,389,245.100006,-0.0060791716178089095,375,240.270004,0.02010239280638637,357,239.710007,0.0023361436053856988,354,243.070007,-0.013823178110164869,329,240.75,0.009636581516095477,344,234.759995,0.025515441845191722,320,236.600006,-0.00777688484082284,372,231.0,0.024242450216450218,437,220.830002,0.046053515862396255,445,218.580002,0.01029371387781386,449,221.0,-0.010950217194570122,441,225.0,-0.01777777777777778,437,231.67999267578125,-0.028832843585246515,424,242.25999450683594,-0.04367209699645214,429,245.1999969482422,-0.011990220375084237,,,
76,FSLY,FASTLY CLASS A,Information Technology,76,26.84,,40,29.040001,-0.07575760758410444,16,29.93,-0.029736017373872325,12,30.02,-0.0029980013324449883,31,28.530001,0.052225690423214566,15,28.780001,-0.008686587606442364,14,27.75,0.037117153153153115,185,22.959999,0.20862374602019806,157,22.68,0.012345634920635007,16,26.030001,-0.12869769002313902,19,24.950001,0.04328657141135972,63,23.030001,0.08336951439993423,108,22.66,0.016328375992939126,169,21.549999,0.051508169443534646,192,20.690001,0.041565875226395654,128,20.799999,-0.005288365638863812,115,20.040001,0.037924050003789844,104,20.24,-0.009881373517786507,157,19.43,0.041688111168296293,130,20.459999,-0.05034208457194944,179,20.73,-0.013024650265315962,162,20.469999,0.012701563883808609,143,20.719999,-0.01206563764795543,250,20.32,0.019684990157480264,289,20.0,0.016000000000000014,168,20.9,-0.04306220095693769,228,20.030001,0.04343479563480801,352,19.59,0.02246049004594175,284,20.33,-0.03639940973930145,232,19.74,0.029888551165146993,378,18.59,0.061861215707369466,413,18.25,0.018630136986301338,441,18.129999,0.0066189192839998245,415,18.559999,-0.02316810469655739,370,18.360001,0.01089313666159386,329,18.0,0.020000055555555507,379,17.110001,0.05201630321354167,449,16.215,0.055195868023435235,401,16.3799991607666,-0.01007319963816855,391,16.65999984741211,-0.01680678271308511,453,17.170000076293945,-0.02970297029702984,,,
77,MMSI,MERIT MEDICAL SYSTEMS INC,Health Care,77,90.080002,,75,89.730003,0.0039005793859161475,70,90.760002,-0.011348600455077129,55,90.5,0.0028729502762430137,29,91.199997,-0.007675405954234771,42,91.110001,0.0009877730107805682,49,89.75,0.015153214484679545,20,89.040001,0.007973932974236986,20,87.690002,0.015395130222485287,19,87.18,0.005849988529479155,27,85.82,0.015847121883011184,20,85.529999,0.00339063490460223,24,85.010002,0.0061168919864276194,38,83.349998,0.019916065264932614,72,80.839996,0.031049011927214876,,,,,,,,,,,,,,,,,,,,,,,,,,,,,,,,,,,,,,,,,,,,,,,,,,,,,,,,,,,,,,,,,,,,,,,,,,,,,,,,,
78,MRNA,Moderna,Health Care,78,63.494999,,99,64.459999,-0.014970524588435064,122,63.32,0.018003774478837498,188,63.650002,-0.005184634558220491,175,63.669998,-0.00031405686552710144,222,60.57,0.051180419349512896,251,59.810001,0.01270688826773303,358,59.169998,0.010816343106856197,428,53.860001,0.09858887674361538,415,56.255001,-0.04257399266600326,413,56.990002,-0.012897016567923525,395,55.139999,0.03355101620513268,334,54.82,0.0058372674206494946,268,57.919998,-0.05352206676526472,359,54.490002,0.06294725406690205,350,55.805,-0.023564160917480592,260,55.630001,0.0031457666161105458,281,54.07,0.028851507305345026,234,57.02,-0.05173623290073659,187,58.07,-0.018081625624246533,267,59.66,-0.02665102246061002,219,59.490002,0.0028575894147726544,72,61.82,-0.03769003558718864,65,63.150002,-0.02106099695768815,27,68.279999,-0.0751317673569386,27,67.440002,0.012455471160869758,8,67.010002,0.006416952502105611,18,68.269997,-0.018456057644180124,1,76.559998,-0.10828110261967339,1,73.800003,0.03739830471280592,1,79.769997,-0.07484009307409145,1,81.800003,-0.024816698356355804,2,79.760002,0.02557674208684202,4,72.5,0.10013795862068964,7,70.029999,0.0352706130982523,19,69.699997,0.004734605655722035,36,67.269997,0.036123087682016664,51,59.75,0.12585769037656913,46,60.41999816894531,-0.011089010628567042,41,61.0,-0.009508229508196742,89,59.345001220703125,0.02788775755518147,,,
79,CEG,Constellation Energy,Utilities,79,277.88501,,83,278.200012,-0.001132286076249267,69,282.5,-0.015221196460176944,91,278.640015,0.013852945708461739,75,278.679993,-0.00014345486222266945,86,278.359985,0.0011496192601103683,79,270.429993,0.02932364088771755,69,269.890015,0.002000733521023479,64,261.100006,0.033665296047522775,43,265.119995,-0.015162903876789868,57,267.25,-0.00797008419083245,27,273.709991,-0.023601590049374566,43,262.75,0.04171262036156054,63,263.559998,-0.0030732964264175155,116,257.950012,0.0217483455670473,115,259.820007,-0.007197270993838267,105,270.0,-0.03770367777777783,82,274.350006,-0.015855680353074275,87,275.600006,-0.004535558682099539,112,274.899994,0.0025464242098165446,165,262.220001,0.048356315123345484,172,253.5,0.03439842603550303,175,252.389999,0.004397959524537365,290,251.770004,0.0024625451410009713,211,258.11499,-0.024582012846289802,187,256.429993,0.006570982513734114,173,257.570007,-0.004426035520509797,253,251.380005,0.024624082571722328,270,250.740005,0.0025524447126019645,269,244.520004,0.025437595690535053,316,239.710007,0.02006589987709617,327,245.869995,-0.02505384197042826,347,239.25,0.02766978056426317,350,236.5,0.011627906976744207,392,248.369995,-0.047791582070934036,359,259.320007,-0.042225866514032595,350,264.019989,-0.01780161425580562,358,268.690002,-0.017380672765040184,352,267.9700012207031,0.002686871654711709,309,270.260009765625,-0.008473354973974834,281,275.5299987792969,-0.019126734000387224,,,
80,MU,Micron Technology,Information Technology,80,945.450012,,43,1011.75,-0.06553001037805783,61,971.659973,0.0412593171623834,117,949.830017,0.0229830133911213,236,911.289978,0.04229174020390691,233,868.52002,0.04924464262781192,349,861.0,0.008734053426248556,338,877.570007,-0.018881692477897172,282,881.469971,-0.004424386681687653,248,893.190002,-0.013121542979385059,281,892.669983,0.000582543392186663,324,829.5,0.07615428933092216,345,823.030029,0.007861160312535809,369,874.659973,-0.059028588930295056,385,739.0,0.18357235859269294,407,820.530029,-0.0993626389266492,380,900.200012,-0.08850253492331661,221,920.950012,-0.022531081741274828,149,990.210022,-0.06994476773736391,334,959.47998,0.03202780948071471,276,970.820007,-0.011680874846247469,307,865.460022,0.12173870811100285,350,848.950012,0.019447564363777925,301,853.200012,-0.004981246999794964,122,904.280029,-0.0564869458153211,78,983.119995,-0.08019363495907739,62,937.0,0.04922091248665961,62,979.299988,-0.04319410652336286,88,991.640015,-0.012444059147814768,53,948.799988,0.04515179968573091,135,938.380005,0.011104225307954962,174,984.75,-0.047088088347296275,158,975.559998,0.00942023250116919,97,1032.280029,-0.0549463608774321,6,1154.290039,-0.10570134530979869,5,1145.280029,0.00786708034005179,18,1132.329956,0.01143666025205814,2,1213.560059,-0.06693537942154693,2,1048.510009765625,0.1574138991767946,3,1051.77001953125,-0.0030995464198532163,1,1211.3800048828125,-0.1317588075923377,,,
81,ORKA,ORUKA THERAPEUTICS INC,Health Care,81,110.940002,,84,112.660004,-0.015267192782986161,34,111.040001,0.014589364061695198,69,108.120003,0.027007009979457708,71,107.400002,0.006703919800671754,74,104.675003,0.025983970194879635,85,105.139999,-0.0044226365267513446,140,98.82,0.06395465492815222,92,98.419998,0.004064234994192839,96,97.190002,0.01265558158955482,76,98.129997,-0.009579079065904716,105,94.790001,0.03523574179517097,176,96.510002,-0.017821997351113894,208,97.860001,-0.013795207298230028,292,88.07,0.11116158737367998,267,90.449997,-0.026312847749458745,219,90.199997,0.0027716187174595674,109,92.160004,-0.021267436142906493,114,91.949997,0.0022839261212810325,142,92.529999,-0.006268259010788535,28,94.32,-0.018977958015267027,58,91.709999,0.028459285012095492,35,92.699997,-0.010679590421130203,84,83.040001,0.11632943019834485,71,86.650002,-0.041661868628693144,59,87.470001,-0.009374631194985272,50,84.559998,0.03441347053958066,57,86.790001,-0.02569423867157239,40,88.269997,-0.016766693670557165,31,84.400002,0.04585302024044968,35,84.5,-0.0011834082840236348,12,83.129997,0.016480248399383335,11,85.209999,-0.02441030424140711,13,93.290001,-0.08661166162920297,15,95.169998,-0.019754093091396308,13,92.489998,0.028976106151499925,12,90.599998,0.020860927612823987,15,86.629997,0.045827093818322506,34,82.08999633789062,0.05530516775759131,24,83.4000015258789,-0.015707505618525075,46,85.37999725341797,-0.023190384979751233,,,
82,EXPE,Expedia Group,Consumer Discretionary,82,327.410004,,123,318.5,0.027974894819466245,97,332.690002,-0.04265232473081648,88,328.309998,0.0133410618826173,77,325.570007,0.008415981021249408,87,321.070007,0.0140156349141638,121,314.01001,0.022483350132691537,96,310.679993,0.010718479062151953,78,306.570007,0.013406353870749177,76,319.660004,-0.04094974922167627,89,312.059998,0.024354310224663944,126,298.029999,0.04707579454107247,122,294.73999,0.01116241131717488,98,292.929993,0.006178940508833275,108,304.269989,-0.03726951855248528,138,295.790009,0.028668919645626012,159,278.369995,0.06257863387898532,276,259.940002,0.07090094967376359,195,257.609985,0.009044746460429298,154,261.079987,-0.01329095362640731,167,264.940002,-0.014569392960146366,160,265.079987,-0.0005280858867705573,159,268.769989,-0.01372921885263012,93,270.950012,-0.008045849431444263,68,267.109985,0.014376201623462315,75,266.279999,0.00311696711400411,74,265.630005,0.0024469901282424544,103,270.829987,-0.01920017076986391,117,267.779999,0.011389902201023094,153,260.309998,0.028696558170616226,113,269.869995,-0.035424453170497916,133,266.76001,0.011658362885801354,125,268.690002,-0.007182969167568665,141,264.540009,0.015687581684477703,156,255.880005,0.033844004341019085,121,265.279999,-0.035434235658301394,113,262.799988,0.009436876382201254,128,250.949997,0.04722052656569664,69,262.1499938964844,-0.042723621042692006,147,245.07000732421875,0.06969431799950931,198,238.02000427246094,0.02961937182389085,,,
83,STX,Seagate Technology,Information Technology,83,914.52002,,34,994.789978,-0.08069035653272327,19,973.440002,0.021932503242249046,101,921.369995,0.05651367776524996,206,878.210022,0.04914538882363151,337,820.52002,0.07030907301932743,379,800.98999,0.0243823646285517,347,812.76001,-0.014481544189163476,263,852.950012,-0.04711882459062566,225,837.659973,0.018253276380438832,247,845.349976,-0.009096827607882885,164,831.059998,0.01719488127739255,246,856.130005,-0.029282944008019007,318,851.679993,0.005224981256545691,371,764.429993,0.11413733212846355,377,747.299988,0.022922528134712072,371,816.98999,-0.08530092516800614,315,851.690002,-0.04074253768215541,280,913.359985,-0.06751990892178183,336,908.099976,0.005792323685734901,336,891.830017,0.01824334087198598,411,802.450012,0.11138389141179306,411,787.659973,0.018777187500931936,467,745.48999,0.05656679977688239,443,828.299988,-0.09997585319293756,400,878.309998,-0.0569389055275219,387,860.659973,0.020507547177402996,368,910.340027,-0.05457307437498837,414,890.090027,0.02275050768544329,408,860.02002,0.03496431048198145,437,827.640015,0.03912329565167294,435,868.26001,-0.046783215318185634,442,820.159973,0.0586471402939337,413,915.190002,-0.10383639330885086,246,965.0,-0.05161657823834187,311,968.530029,-0.003644728500204364,370,899.900024,0.07626403285883221,110,1025.359985,-0.12235698957961583,105,993.25,0.0323282003523786,68,1038.5899658203125,-0.04365530910588444,14,1094.0400390625,-0.05068376935334451,,,
84,SNDK,Sandisk,Information Technology,84,1645.219971,,9,1786.849976,-0.07926239298334914,105,1641.109985,0.08880574265715646,349,1528.109985,0.07394755685730314,463,1344.290039,0.13674128399905516,459,1271.050049,0.05762164130171099,455,1237.920044,0.026762637183698423,460,1212.209961,0.021209265578704395,456,1258.579956,-0.036843106215811994,404,1350.5,-0.06806371269900036,399,1427.619995,-0.054019973991748405,420,1288.030029,0.10837477609770851,429,1214.829956,0.060255406642277354,419,1279.959961,-0.05088440809438721,414,1015.890015,0.25993950339200844,424,1096.099976,-0.07317759579989269,434,1278.22998,-0.14248609941068668,427,1436.560059,-0.110214729978094,401,1610.329956,-0.10790949789671556,427,1599.27002,0.00691561516297301,424,1589.400024,0.006209887914283785,422,1390.949951,0.14267233185300987,428,1354.819946,0.026667753974741082,476,1411.079956,-0.03987017869595477,473,1615.0,-0.12626628111455107,435,1757.819946,-0.08124833622749217,407,1673.969971,0.05009048934725491,257,1915.920044,-0.1262840136558433,308,1858.27002,0.031023491408423087,334,1727.180054,0.07589826300761571,431,1617.699951,0.06767639631337286,424,1744.430054,-0.07264842904386226,389,1745.0,-0.00032661661891120186,282,2032.219971,-0.14133311112904123,117,2273.72998,-0.10621754171530962,176,2050.389893,0.10892566714383434,112,2090.709961,-0.019285347442796197,39,2335.0,-0.1046210017130621,132,1914.4599609375,0.2196651001154053,155,1963.5999755859375,-0.025025471379410913,13,2273.72998046875,-0.13639702459304337,,,
85,NVTS,NAVITAS SEMICONDUCTOR,Information Technology,85,13.375,,39,14.58,-0.08264746227709197,52,14.45,0.008996539792387681,208,13.66,0.05783308931185949,239,13.93,-0.01938262742282837,251,13.6,0.024264705882352855,324,13.17,0.03264996203492787,321,13.89,-0.05183585313174954,370,12.4,0.1201612903225806,409,12.35,0.004048582995951566,429,12.69,-0.026792750197005555,422,11.52,0.1015625,430,10.86,0.06077348066298338,420,11.01,-0.013623978201634857,415,9.735,0.13097072419106315,425,10.01,-0.027472527472527486,436,11.41,-0.12269938650306755,433,10.92,0.044871794871794934,447,12.03,-0.09226932668329169,428,12.67,-0.05051302288871351,435,12.825,-0.01208576998050681,427,11.54,0.11135181975736574,430,11.46,0.00698080279232105,485,11.755,-0.02509570395576355,500,13.27,-0.11416729464958542,502,13.09,0.013750954927425507,503,12.87,0.017094017094017255,505,13.47,-0.04454342984409809,503,14.18,-0.05007052186177707,504,13.36,0.06137724550898205,493,13.99,-0.045032165832737725,500,15.23,-0.08141825344714382,498,14.46,0.053250345781466146,499,16.530001,-0.12522691317441526,499,17.92,-0.07756690848214298,491,17.74,0.010146561443066693,493,17.299999,0.02543358528517836,504,17.700001,-0.022598981774068827,493,18.31999969482422,-0.03384274017467248,481,21.399999618530273,-0.14392523364485976,434,23.700000762939453,-0.09704645160141556,,,
86,GILD,Gilead Sciences,Health Care,86,143.169998,,115,138.919998,0.03059314757548437,126,138.360001,0.004047390835159037,94,138.139999,0.0015926017199408005,84,135.869995,0.01670717659185894,95,135.770004,0.0007364734260446593,88,133.059998,0.02036679723984358,101,133.210007,-0.001126109091789007,117,130.860001,0.017958168898378535,113,131.759995,-0.006830555814759998,61,135.25,-0.025804103512014787,74,131.149994,0.03126196101846568,58,130.210007,0.007219007368611807,62,131.279999,-0.008150457100475905,62,132.729996,-0.010924410786541383,52,134.320007,-0.011837484493281814,60,130.520004,0.029114334075564408,59,129.309998,0.00935740483114067,49,130.860001,-0.01184474238235722,61,130.339996,0.00398960423475847,67,130.279999,0.0004605234914072387,71,133.210007,-0.02199540459449112,66,134.279999,-0.00796836467060158,101,136.300003,-0.014820278470573434,166,131.699997,0.03492791271665707,190,130.039993,0.012765334430616226,143,131.399994,-0.010350084186457331,191,129.830002,0.01209267485030141,186,134.839996,-0.0371551034457166,172,135.820007,-0.007215512807328794,175,136.360001,-0.0039600615726015365,248,129.610001,0.052079314465864446,201,131.270004,-0.012645714553341403,273,125.970001,0.04207353304696726,306,126.339996,-0.002928565867613364,310,126.330002,7.911026550933009e-05,270,127.879997,-0.012120699377245137,311,123.839996,0.03262274814672961,310,125.16000366210938,-0.010546564060512464,265,125.05000305175781,0.0008796561164416961,296,124.87000274658203,0.0014414991244935393,,,
87,CORT,Corcept Therapeutics Incorporated - Common Stock,,87,118.349998,,87,117.169998,0.010070837416929823,95,114.470001,0.023586939603503776,126,110.510002,0.03583385149155993,117,112.18,-0.01488677126047433,75,111.860001,0.002860709790267313,112,114.230003,-0.02074763142569469,126,110.769997,0.03123594920743744,137,107.949997,0.02612320591356765,86,110.690002,-0.024753861690236634,69,109.800003,0.008105637301303092,37,112.800003,-0.026595743973517494,28,114.489998,-0.014761071093738698,18,118.32,-0.03236986139283293,237,92.949997,0.2729424832579608,235,94.190002,-0.013164932303536991,237,91.120003,0.033691822859136744,111,95.360001,-0.04446306580890247,63,96.660004,-0.013449233873402355,138,90.879997,0.06360043123680992,105,95.650002,-0.04986936644287787,171,91.57,0.044556099159113405,218,90.519997,0.011599680013246072,161,89.720001,0.008916584831513807,151,89.57,0.001674679021993919,155,90.470001,-0.009948060020470217,158,85.900002,0.05320138409309938,92,91.879997,-0.06508484104543455,74,93.25,-0.014691721179624584,62,92.940002,0.003335463668270533,65,94.040001,-0.01169713939071515,75,91.610001,0.026525488194242053,76,90.209999,0.015519366095991138,78,88.480003,0.019552395358756858,83,86.949997,0.01759638933627561,67,87.889999,-0.010695210043181413,51,87.32,0.0065277027027028645,33,84.75,0.030324483775811206,32,81.55999755859375,0.039112335436791046,36,79.8499984741211,0.02141515394903326,55,79.70999908447266,0.0017563543063148224,,,
88,TRMB,Trimble Inc.,Information Technology,88,57.25,,104,55.689999,0.028012228910257342,90,57.599998,-0.03315970601248974,75,57.540001,0.0010427007118056775,81,56.349998,0.021118066410579006,84,57.98,-0.02811317695757154,77,58.439999,-0.00787130403612779,55,59.509998,-0.017980155200139736,48,58.549999,0.016396225728372738,64,58.580002,-0.0005121713720664944,40,59.810001,-0.02056510582569626,49,57.790001,0.034954143710777874,56,56.580002,0.021385630209062034,46,57.060001,-0.008412180013806836,35,58.240002,-0.020261005485542327,23,58.380001,-0.0023980643645415967,49,55.77,0.04679937242244936,63,52.91,0.05405405405405417,89,50.349998,0.050844133102050826,107,50.099998,0.0049900201592822935,92,51.849998,-0.03375120670207166,78,53.209999,-0.025559124705114233,111,52.720001,0.009294347319909857,199,53.75,-0.019162772093023195,250,51.919998,0.035246573006416426,242,51.580002,0.006591624405132723,244,52.290001,-0.01357810262807213,290,52.82,-0.010034059068534718,325,52.709999,0.0020869095444300267,318,52.400002,0.005915973056642265,310,53.73,-0.024753359389540264,342,52.470001,0.024013702610754528,354,53.040001,-0.01074660613222822,377,52.580002,0.00874855425072063,379,51.18,0.027354474404064133,362,50.77,0.008075635217648092,354,50.700001,0.0013806508603422252,357,50.240002,0.009156030686463756,362,50.13999938964844,0.001994475508465765,374,49.189998626708984,0.019312868861818933,391,49.22999954223633,-0.0008125330083281757,,,
89,INCY,Incyte,Health Care,89,123.849998,,105,123.5,0.0028339919028339544,119,120.160004,0.027796237423560743,99,120.519997,-0.002986998082982084,85,120.769997,-0.002070050560653791,83,121.07,-0.002477930123069183,86,121.550003,-0.003949016768021063,92,120.559998,0.008211720441468673,84,118.379997,0.01841528176419871,79,119.800003,-0.011853138267450603,54,120.599998,-0.006633457821450306,44,118.43,0.018323043147850937,35,119.519997,-0.009119787712176697,31,122.989998,-0.028213684498149205,27,127.099998,-0.03233674323110536,15,129.929993,-0.02178092166910217,29,118.870003,0.09304273341357616,33,117.669998,0.010198054052826588,20,116.690002,0.008398285913132408,26,115.790001,0.0077727005115062475,21,117.389999,-0.013629764150521861,29,115.650002,0.015045369389617536,31,117.25,-0.013646038379530934,66,116.650002,0.0051435747082113625,142,115.089996,0.013554662040304644,134,114.879997,0.0018279857719702974,142,114.230003,0.00569022133353192,104,116.709999,-0.021249216187552156,96,118.519997,-0.015271667615718965,110,117.260002,0.010745309385207014,85,118.050003,-0.006692087928197754,92,115.620003,0.02101712451953497,48,116.860001,-0.010610970301121236,84,113.809998,0.02679907788066216,95,113.360001,0.003969627699632827,84,114.660004,-0.011337894249506597,78,113.75,0.008000035164835273,106,107.529999,0.05784433235231412,100,108.45999908447266,-0.008574589789549947,143,104.4000015258789,0.03888885940825926,159,103.66000366210938,0.007138703178132255,,,
90,FOXA,Fox Corporation (Class A),Communication Services,90,70.809998,,113,69.190002,0.023413729631052593,102,69.040001,0.002172667987070387,144,65.449997,0.05485109495115803,150,63.049999,0.03806499663861995,175,62.139999,0.014644351700102254,124,63.419998,-0.020182892468713076,91,64.029999,-0.0095268000863159,112,61.790001,0.036251787728567963,221,58.68,0.05299933537832313,230,59.080002,-0.006770514327335331,241,58.700001,0.0064736114740440165,183,58.23,0.008071458011334354,146,58.82,-0.010030601836110264,109,58.950001,-0.0022052756199274492,121,57.720001,0.021309770940579176,123,56.639999,0.019067832257553485,147,55.310001,0.0240462479832535,127,55.09,0.003993483390815067,114,56.450001,-0.024092134205630833,163,57.57,-0.01945455966649301,150,57.48,0.0015657620041753528,162,57.619999,-0.00242969459267095,234,56.810001,0.014258017703608239,402,55.990002,0.014645454022309323,430,54.869999,0.0204119376783658,435,55.900002,-0.018425813294246418,454,54.119999,0.03288993039338384,445,53.740002,0.0070710269046883045,441,53.389999,0.006555591057418653,385,54.919998,-0.027858686375043185,371,55.869999,-0.017003776928651848,371,56.48,-0.01080030099150131,421,54.130001,0.04341398404925201,420,52.16,0.03776842407975467,468,50.389999,0.0351260376091691,469,50.099998,0.005788443344848071,459,48.860001,0.025378570909157405,440,49.79999923706055,-0.018875462226415007,433,48.790000915527344,0.02070092189586137,371,49.38999938964844,-0.012148167891236628,,,
91,NVDA,Nvidia,Information Technology,91,220.199997,,79,225.009995,-0.021376819283072335,89,225.160004,-0.0006662328892123037,105,225.300003,-0.0006213892504920437,100,224.089996,0.005399647559456433,98,217.5,0.030298832183908164,125,217.550003,-0.00022984600924136345,56,223.960007,-0.02862119931975171,58,218.990005,0.02269510884754755,35,219.220001,-0.0010491560941102707,53,211.940002,0.03434933911154725,51,206.639999,0.02564848541254583,75,200.75,0.02933997011207956,121,195.039993,0.029276082880089094,127,190.009995,0.02647228110289679,78,197.009995,-0.03553119221184686,101,196.509995,0.0025443998408325452,67,206.839996,-0.049941989942796194,61,208.759995,-0.00919715963779355,99,212.059998,-0.015561647793658873,135,207.289993,0.023011265189246233,126,203.279999,0.01972645621667879,136,202.809998,0.0023174449220200177,37,207.399994,-0.02213112889482527,35,212.5,-0.024000028235294124,35,211.800003,0.003304990510316408,46,203.528397,0.040632850393715225,41,210.960007,-0.03522757751899386,93,202.779999,0.04033932360360648,77,204.119995,-0.006564746388515119,124,196.929993,0.03651044663369274,128,195.550003,0.007056967419223126,150,194.830002,0.003695534530662181,147,197.580002,-0.013918412653928458,106,200.089996,-0.01254432530449956,119,194.970001,0.026260424546030725,114,192.529999,0.012673360061670191,104,195.740005,-0.01639933543477734,94,199.0,-0.016381884422110526,106,200.0399932861328,-0.005198925396883047,118,208.64999389648438,-0.04126528275864694,,,
92,AXON,Axon Enterprise,Industrials,92,617.19989,,80,604.320007,0.021313017690641978,103,612.830017,-0.013886411833511692,92,615.590027,-0.00448351967859284,107,599.780029,0.02635966060150352,66,636.309998,-0.05740907594540101,92,596.330017,0.06704338178569325,216,571.01001,0.044342492349652485,346,522.460022,0.0929257473407219,197,609.48999,-0.1427914640566944,170,607.200012,0.0037713734432536228,156,575.880005,0.05438634216862592,243,527.76001,0.0911777968929477,202,525.299988,0.004683080251659977,97,531.200012,-0.011106972640655743,20,547.650024,-0.03003745326230467,23,525.47998,0.042190083055114735,49,502.339996,0.046064387037181076,66,491.899994,0.021223830305637348,40,491.48999,0.0008342062063155797,48,511.170013,-0.03849995598235534,42,527.47998,-0.030920542235555515,68,510.279999,0.033706947232317486,95,541.75,-0.058089526534379377,97,541.119995,0.0011642611727922247,94,547.26001,-0.011219557226554766,113,547.030029,0.00042041750508725606,94,565.799988,-0.0331741947650942,120,582.0,-0.027835072164948516,118,599.799988,-0.029676539440010807,61,640.460022,-0.06348567061692412,49,622.200012,0.029099456412608582,92,597.039978,0.04214128856878663,74,593.960022,0.005185460108289908,72,560.609985,0.05948883875123978,126,510.600006,0.09794355349067518,107,464.829987,0.0984661495171566,186,444.730011,0.045195906511467765,157,456.7300109863281,-0.02627372782823334,251,433.0400085449219,0.05470626618243957,365,410.0299987792969,0.05611786956105136,,,
93,AVGO,Broadcom,Information Technology,93,381.630005,,70,392.429993,-0.027520801652895166,73,392.98999,-0.001424965048091864,71,417.820007,-0.05942754435883202,59,416.049988,0.00425434214890541,55,416.079987,-7.209911780747813e-05,62,422.399994,-0.014962137996621272,44,427.76001,-0.012530427984607573,36,420.565002,0.01709585296223959,18,418.279999,0.005462855038402159,21,418.160004,0.000286959534274267,23,392.230011,0.06610915093898817,39,389.279999,0.007578123735044517,51,387.839996,0.0037128790605700512,75,370.320007,0.047310403620725916,39,380.910004,-0.027801834787200885,63,383.220001,-0.006027861264996992,57,381.920013,0.0034038226742520994,38,392.470001,-0.026881004849081513,54,396.809998,-0.010937216859137622,118,386.5,0.026675285899094403,108,378.160004,0.02205414615978274,81,370.829987,0.01976651634701798,31,374.450012,-0.009667578806219934,24,394.279999,-0.050294174318489704,25,389.109985,0.013286767750254391,24,384.049988,0.01317536039084577,28,399.970001,-0.039803017626814596,44,401.109985,-0.0028420733530230002,41,388.690002,0.031953440881147266,77,370.779999,0.04830358446600025,175,373.899994,-0.008344463894268017,206,360.450012,0.03731441684623937,157,369.339996,-0.02406991957621607,127,377.75,-0.022263412309728725,94,372.450012,0.014230065322161867,94,365.019989,0.020355112662062913,68,378.910004,-0.0366578207314896,79,382.07000732421875,-0.008270743429488747,87,380.1499938964844,0.005050672182833171,101,392.1300048828125,-0.03055112041222141,,,
94,BIIB,Biogen,Health Care,94,213.044998,,127,209.149994,0.01862301750771267,141,209.830002,-0.003240756772237008,82,210.649994,-0.0038926751642821555,68,208.869995,0.008522042622732817,155,203.889999,0.024424915515351087,101,207.130005,-0.0156423788045581,83,207.940002,-0.003895339964457567,83,206.279999,0.008047328912387686,98,206.630005,-0.001693877905099006,94,208.449997,-0.008731072325225298,121,201.820007,0.03285100470737756,89,202.949997,-0.00556782466964012,102,207.929993,-0.02395034948132757,104,209.229996,-0.006213272594050023,130,205.610001,0.017606123157404063,106,200.139999,0.02733087852168925,76,202.190002,-0.010138992926069679,69,200.619995,0.00782577529223838,96,197.740005,0.014564528811456201,68,203.160004,-0.02667847456825212,73,199.949997,0.016054048752998984,41,205.990005,-0.029321849863540694,80,208.919998,-0.0140244736169296,162,197.240005,0.05921716033215474,204,191.949997,0.027559302332263114,121,209.029999,-0.08171076918007358,227,199.149994,0.0496108726972897,208,198.910004,0.0012065255400628416,211,200.360001,-0.007236958438625818,195,205.699997,-0.025960117053380305,182,208.460007,-0.01323999763657302,109,216.119995,-0.03544321755143476,150,209.740005,0.030418565118275787,144,216.059998,-0.02925110181663526,134,216.630005,-0.002631246765654627,128,216.029999,0.002777419815661819,179,201.960007,0.06966721881723847,197,199.58999633789062,0.011874397752881238,190,197.19000244140625,0.012170972035387528,193,199.7100067138672,-0.01261832112398853,,,
95,FRPT,"Freshpet, Inc. - Common Stock",,95,72.779999,,86,72.650002,0.0017893598956817414,88,72.760002,-0.0015118196395871308,79,72.730003,0.0004124707653319071,51,72.309998,0.005808394573596942,54,71.75,0.007804850174215838,58,67.769997,0.05872809762703679,79,66.910004,0.012852980848723439,52,66.730003,0.0026974522989307026,23,71.470001,-0.06632150459883157,158,62.380001,0.14571977964540261,,,,,,,,,,306,62.02,-0.019373539221400393,266,62.09,0.01176082960207725,,,,218,57.540001,0.03406324236942582,247,57.514999,0.015531256618425804,,,,289,58.619999,-0.015523712308490478,322,56.950001,0.029323932759895754,334,56.639999,0.005473199249173666,320,56.93,-0.005093992622518861,294,56.23,0.01244887070958578,326,54.23,0.03687995574405312,251,55.919998,-0.030221710666012647,332,53.619999,0.04289442452246228,293,55.470001,-0.033351396550362455,251,54.25,0.022488497695852594,219,54.509998,-0.004769730499714964,270,54.09,0.007764799408393364,141,56.380001,-0.04061725717245013,219,56.0,0.006785732142857048,151,59.119999,-0.05277400292242895,152,60.639999,-0.025065963474042996,180,57.43,0.05589411457426441,,,,,,,,,,,,,,,
96,TPG,TPG Inc. - Class A Common Stock,,96,51.849998,,110,51.77,0.0015452578713539555,100,53.029999,-0.023760117363004207,78,55.209999,-0.0394856011498933,135,50.880001,0.08510216027708029,127,50.599998,0.005533656345203752,147,49.400002,0.024291416020590484,113,48.990002,0.008369054567501477,101,48.509998,0.009894949902904404,131,47.91,0.01252343978292636,127,48.98,-0.021845651286239276,139,46.32,0.05742659758203783,186,43.66,0.06092533211177287,240,42.700001,0.022482411651465695,219,42.16,0.012808372865275253,208,43.759998,-0.03656302726522076,256,42.959999,0.018621951085241006,189,42.830002,0.003035185475826152,259,42.029999,0.019034095147135277,327,41.790001,0.005742952722111783,322,42.84,-0.02450978057889841,330,42.970001,-0.003025389736434958,348,43.740002,-0.017604045834291315,269,44.16,-0.009510824275362317,246,44.490002,-0.007417441788381995,287,43.150002,0.031054459742551055,300,42.48,0.01577217514124296,336,42.669998,-0.004452730464154286,288,42.630001,0.0009382359620400127,303,41.610001,0.024513337550748915,296,42.419998,-0.0190946967984299,271,42.59,-0.003991594270955745,313,41.43,0.027999034516051235,354,40.5,0.022962962962962852,342,40.549999,-0.0012330209921830315,348,39.07,0.03788070130534926,321,39.689999,-0.015621038438423773,323,40.02,-0.008245902048975573,366,38.7400016784668,0.03304073138664276,358,39.58000183105469,-0.021222838745687866,322,41.189998626708984,-0.03908708519269444,,,
97,PSKY,Paramount Skydance Corporation,Communication Services,97,10.295,,117,10.28,0.0014591439688715901,176,10.14,0.01380670611439827,209,9.97,0.01705115346038122,244,9.5,0.049473684210526336,307,9.38,0.012793176972281328,285,9.27,0.011866235167206085,262,9.19,0.008705114254624613,326,9.06,0.014348785871964642,379,8.76,0.03424657534246589,406,8.38,0.04534606205250591,406,8.22,0.019464720194647178,390,7.96,0.03266331658291466,381,7.81,0.019206145966709443,372,7.95,-0.017610062893081868,381,8.07,-0.014869888475836479,392,8.03,0.00498132004981322,397,8.21,-0.02192448233861166,390,8.49,-0.03297997644287387,367,8.78,-0.03302961275626415,386,8.53,0.029308323563892236,379,8.57,-0.004667444574095736,389,8.75,-0.020571428571428574,381,9.14,-0.04266958424507661,378,9.25,-0.011891891891891881,399,9.12,0.014254385964912464,375,9.55,-0.045026178010471374,388,9.41,0.014877789585547418,,,,,,,,,,,,,333,10.39,-0.028873917228104062,387,10.17,0.021632251720747453,385,9.86,0.03144016227180524,402,9.82,0.004073319755600657,404,9.64,0.018672199170124415,375,9.43,0.022269353128314018,363,9.75,-0.032820512820512904,350,9.71500015258789,0.0030864197530864335,331,9.890000343322754,-0.01769464105156726,,,
98,VSEC,VSE CORP,Industrials,98,237.845001,,98,243.479996,-0.023143564533326222,94,241.820007,0.006864564353436631,162,230.899994,0.047293258050063125,122,242.600006,-0.04822758330846877,114,241.820007,0.003225535428919235,233,221.229996,0.0930706114554194,259,218.179993,0.013979297359313803,187,225.449997,-0.03224663604675049,343,215.75,0.044959429895712555,394,214.229996,0.00709519688363347,379,207.110001,0.03437784252630083,387,194.389999,0.06543547541249817,383,191.550003,0.014826394964869705,381,184.979996,0.03551739183733149,367,199.330002,-0.07199119979941604,382,200.929993,-0.007962927665059905,373,195.419998,0.028195655799771346,360,197.350006,-0.009779619667201866,358,197.080002,0.001370022312055852,353,202.529999,-0.026909578960695124,345,194.600006,0.04075021970965409,273,199.610001,-0.025098917764145523,285,197.770004,0.00930372130649304,228,203.949997,-0.030301510619781924,173,208.600006,-0.022291509425939382,88,205.25,0.016321588306942747,97,211.300003,-0.028632290175594544,83,214.369995,-0.01432099674210463,136,206.520004,0.038010802091597906,94,221.059998,-0.0657739714627158,39,238.009995,-0.07121548403881106,54,232.330002,0.02444795313176984,59,228.75,0.015650281967213076,68,228.5,0.001094091903719896,59,224.229996,0.019042965152619384,59,219.990005,0.019273561996600685,50,223.690002,-0.016540734797793943,59,217.67999267578125,0.027609377036317717,82,213.67999267578125,0.01871958129463258,87,215.5500030517578,-0.008675527599041666,,,
99,PI,IMPINJ,Information Technology,99,167.789993,,82,171.710007,-0.022829269350620796,83,172.649994,-0.005444465871223825,73,178.809998,-0.03444999758906109,60,179.580002,-0.004287804830295117,152,174.139999,0.031239250208104252,71,176.25,-0.011971636879432701,39,183.360001,-0.03877618325274779,62,171.910004,0.06660459969508237,60,163.389999,0.05214520504403697,86,167.630005,-0.025293836864110464,62,161.440002,0.038342436343627107,144,151.360001,0.06659620066995098,257,147.490005,0.02623903904539171,,,,,,,,,,,,,,,,,,,,,,,,,,,,,,,,,,,,,,,,,,,,,,,,,,,,,,,,,,,,,,,,,,,,,,,,,,,,,,,,,,,,
100,EQIX,Equinix,Real Estate,100,1095.439941,,107,1097.609985,-0.001977062918209427,86,1102.099976,-0.004074032390687488,120,1073.780029,0.026374067532596968,111,1069.170044,0.004311741640977029,157,1032.400024,0.03561605883883612,158,1043.380005,-0.01052347270158771,119,1042.619995,0.0007289424753453844,91,1052.859985,-0.009725880122607222,90,1056.199951,-0.0031622478270688648,73,1051.530029,0.004441073360920589,69,1031.439941,0.01947770994840692,88,1019.280029,0.011929903121843832,86,1047.530029,-0.026968200641434792,183,1008.02002,0.0391956590306608,179,1034.859985,-0.025935841939042636,164,1046.790039,-0.011396797404947367,118,1084.23999,-0.03454027830130124,191,1033.550049,0.049044495763939544,213,1028.73999,0.004675680003457305,194,1027.880005,0.0008366589444455119,205,1017.309998,0.010390153464313157,209,1020.0,-0.0026372568627451853,193,1009.140015,0.010761623598881886,165,1022.599976,-0.013162489063074267,163,1023.539978,-0.0009183832778439927,155,1039.530029,-0.0153820000903504,154,1051.209961,-0.011110941137666752,200,1034.869995,0.015789390047974194,217,1015.969971,0.018602935657042297,194,1022.929993,-0.006804006185787914,214,998.840027,0.02411794216172325,208,1002.02002,-0.003173582300281863,178,1013.619995,-0.011444106329019266,174,1042.390015,-0.02760005332552995,136,1085.170044,-0.03942241977331984,117,1091.300049,-0.005617158182680493,120,1087.609985,0.003392819163939409,114,1095.0,-0.006748872146118634,104,1115.9300537109375,-0.018755704199360124,122,1115.93994140625,-8.859795798010772e-06,,,
101,EXLS,"ExlService Holdings, Inc. - Common Stock",,101,35.59,,136,34.560001,0.02980321094319427,159,34.814999,-0.007466944284893806,89,35.369999,-0.015691264226498802,95,34.330002,0.030294114168708752,128,34.900002,-0.016332377287542887,73,35.07,-0.004847390932420814,75,34.889999,0.005159100176528986,55,34.66,0.006635862665897552,87,33.68,0.029097387173396605,39,34.389999,-0.020645508015280978,31,34.240002,0.004380753248788061,40,33.93,0.009136516357205915,30,34.360001,-0.012514580543813048,17,35.990002,-0.045290383701562464,124,30.530001,0.17884051166588555,,,,,,,,,,,,,,,,,,,340,28.16,0.0008877485795455442,,,,,,,342,27.655001,0.009516837481698293,337,28.49,-0.041067041067040955,397,27.299999,0.04358978181647544,378,27.6,-0.010869601449275401,380,27.379999,0.008035098905591731,328,27.84,-0.016523024425287303,356,27.129999,0.02617032901475591,327,27.02,0.004071021465581026,370,26.790001,0.008585255371957645,368,25.860001,0.035962875639486525,373,25.57,0.011341454829878694,,,,,,,,,,,,,,,,,,
102,PTGX,PROTAGONIST THERAPEUTICS,Health Care,102,158.225006,,161,158.619995,-0.002490158948750376,110,155.100006,0.02269496366105872,164,151.419998,0.024303315603002584,118,152.009995,-0.0038813039892542367,132,148.289993,0.02508599484524887,130,150.0,-0.011400046666666608,195,145.869995,0.02831291658027424,206,146.179993,-0.002120659562488858,,,,200,135.809998,0.011118540771939411,220,132.279999,0.026685810603914506,123,136.639999,-0.0319086653389099,96,138.639999,-0.014425851229268982,144,133.0,0.04240600751879686,105,136.839996,-0.02806194177322263,124,135.559998,0.00944229875246827,94,136.110001,-0.004040871324363593,74,135.429993,0.005021103412447214,59,135.440002,-7.389988077521892e-05,42,138.309998,-0.02075045941364273,60,134.270004,0.030088581810126414,39,140.910004,-0.04712227529281732,45,132.020004,0.06733828003822806,34,135.460007,-0.025394971373358888,43,131.270004,0.03191896756550716,34,129.889999,0.010624413046611991,35,131.419998,-0.0116420561808257,12,137.639999,-0.045190359235617206,11,140.070007,-0.017348524870138826,14,140.850006,-0.00553779884113037,27,131.5,0.07110270722433465,16,131.619995,-0.0009116775912352271,37,125.169998,0.05152989616569292,55,122.580002,0.021129025597503404,56,121.629997,0.007810614350339806,55,121.879997,-0.0020511979500622557,43,122.629997,-0.006115958724193682,42,122.1500015258789,0.003929553762921811,76,118.95999908447266,0.026815761825956352,114,115.02999877929688,0.03416500073167872,,,
103,NDSN,Nordson Corporation,Industrials,103,304.700012,,109,309.829987,-0.01655738700334386,128,308.720001,0.003595445699677846,110,309.98999,-0.004096870998963387,91,311.26001,-0.004080254318568066,103,311.359985,-0.0003210913566814577,110,308.684998,0.008649399017464754,86,310.109985,-0.004595101960357617,70,308.980011,0.003657110362391691,71,310.670013,-0.005439862005606533,92,309.670013,0.003229243898407397,82,302.619995,0.023296603385377646,111,297.779999,0.01625359666953341,143,295.230011,0.008637292636215044,157,294.980011,0.0008475150541640275,132,302.649994,-0.02534274955247484,172,297.390015,0.01768714057195231,120,295.769989,0.005477317037733576,116,292.100006,0.012564131888446406,129,291.589996,0.0017490654926310967,136,290.070007,0.005240076406796579,135,285.23999,0.016933169153455552,131,288.980011,-0.012942144292464652,260,293.359985,-0.014930373002302932,293,287.769989,0.01942522227361243,283,286.829987,0.003277209645447643,271,286.589996,0.0008374018749768286,327,286.600006,-3.492672641469685e-05,303,286.369995,0.0008031951811151572,289,283.890015,0.00873570703076676,280,286.029999,-0.007481676773351209,279,293.660004,-0.02598244533157479,276,290.380005,0.011295540131972981,245,295.640015,-0.017791942000814798,249,301.690002,-0.020053654280528632,255,302.160004,-0.0015554739005100293,242,301.470001,0.0022887948973735472,189,304.640015,-0.010405770233434253,231,296.1099853515625,0.02880696508765146,239,291.07000732421875,0.01731534640736787,183,295.05999755859375,-0.01352264294396166,,,
104,FIVN,FIVE9,Information Technology,104,32.860001,,134,31.85,0.031711177394034396,85,33.0,-0.034848484848484795,51,33.799999,-0.02366861016771038,131,31.200001,0.0833332665598312,94,32.630001,-0.043824699852139104,46,34.48,-0.053654263341067154,30,33.990002,0.014415945018185106,107,28.370001,0.19809660916120508,83,29.6,-0.04155402027027033,29,29.790001,-0.006378012541859213,46,28.950001,0.029015543039186742,76,27.51,0.052344638313340575,50,27.66,-0.005422993492407713,67,27.165001,0.0182219393255314,57,27.120001,0.0016592919742148826,50,25.549999,0.061448221583100704,,,,,,,,,,,,,,,,,,,,,,,,,,,,,,,,,,,,,,,,,,,,,,,,,,,,,,,,,,,,,,,,,,,,,,,,,,,
105,MRVL,Marvell Technology,Information Technology,105,216.255005,,46,234.330002,-0.07713479642269616,67,222.020004,0.05544544535725704,139,222.179993,-0.0007200873392771978,243,217.080002,0.023493601220806903,245,212.309998,0.022467166148246953,329,208.559998,0.017980437456659448,311,218.720001,-0.04645209836113706,300,210.539993,0.038852513878443906,280,211.020004,-0.002274717993086539,319,218.589996,-0.03463100845658107,375,193.774994,0.12803177380551034,416,187.559998,0.03313604215329535,410,183.300003,0.023240561539979998,400,163.399994,0.12178708525533977,420,174.470001,-0.0634493433630462,424,189.169998,-0.07770786676225472,424,194.229996,-0.02605157856256146,410,209.320007,-0.0720906291580623,417,210.990005,-0.007915057398098058,425,207.960007,0.014570099528800284,416,194.940002,0.06678980643490506,420,188.679993,0.033177916219235826,378,188.300003,0.0020180031542538224,388,206.259995,-0.08707452940644156,364,222.440002,-0.0727387468734153,292,217.529999,0.02257161321459855,264,235.809998,-0.07752003373495642,326,243.270004,-0.03066553984189513,258,231.710007,0.04988993418829768,384,230.699997,0.00437802346395344,331,249.270004,-0.07449755968231142,303,245.289993,0.01622573734591759,38,272.049988,-0.0983642572334904,3,297.890015,-0.0867435150520236,4,277.75,0.07251130513051307,2,266.769989,0.04115909379896543,3,281.26001,-0.0515182410752244,1,276.70001220703125,0.016479934232890514,1,279.0400085449219,-0.008385883473792433,2,307.8599853515625,-0.09361390698437144,,,
106,VCTR,VICTORY CAPITAL HOLDINGS CLASS A,Financials,106,117.345001,,101,118.809998,-0.012330586858523396,117,118.235001,0.004863170762775981,100,118.169998,0.0005500804019644701,87,116.230003,0.016691000171444648,64,113.650002,0.022701284246347875,66,111.440002,0.01983129899800251,,,,,,,,,,,,,,,,,,,,,,,,,,,,,,,,,,,,,,,,,,,,,,,,,,,,,,,,,,,,,,,,,,,,,,,,,,,,,,,,,,,,,,,,,,,,,,,,,,,,,,,,,
107,ICUI,ICU MEDICAL,Health Care,107,183.559998,,116,182.509995,0.005753126013728682,136,182.979996,-0.0025685922520186644,83,183.110001,-0.0007099830664083484,72,179.339996,0.021021551712312903,85,182.080002,-0.015048363191472292,64,182.419998,-0.0018638088133297037,51,184.559998,-0.011595145335881574,,,,,,,,,,,,,,,,,,,,,,,,,,,,,,,,,,,,,,,,,,,,,,,,,,,,,,,,,,,,,,,,,,,,,,,,,,,,,,,,,,,,,,,,,,,,,,,,,,,,,,
108,CRWD,CrowdStrike,Information Technology,108,210.25,,114,213.899994,-0.017064021049014166,101,216.949997,-0.014058552856306306,81,225.529999,-0.03804372827581137,109,221.779999,0.01690864828617844,44,221.899994,-0.0005407616189480047,33,225.160004,-0.014478637156179808,65,214.419998,0.05008863958668619,50,207.389999,0.033897483166485776,45,209.860001,-0.011769760736825785,65,211.220001,-0.006438784175557211,54,202.539993,0.042855773180559,95,190.860001,0.06119664643614886,122,185.220001,0.03045027518383403,138,179.380005,0.03255656058210055,66,181.800003,-0.013311319912354458,441,180.110001,0.00938316579099907,445,183.279999,-0.017295929819379774,457,183.419998,-0.0007632700988252639,440,188.419998,-0.0265364613792215,444,191.149994,-0.01428195702689894,433,198.490005,-0.03697924739333858,441,203.080002,-0.022601915278689044,475,203.759995,-0.0033372252487540166,493,206.770004,-0.014557280755287838,493,210.729996,-0.018791781308627797,497,187.910004,0.12144107026893591,499,187.179993,0.0039000482279107906,495,198.399994,-0.05655242610541611,496,191.119995,0.038091247333906564,482,194.619995,-0.017983763692933974,490,199.380005,-0.023874058986005253,488,193.979996,0.02783796840577324,325,772.73999,0.0041152160272817095,265,763.140015,0.012579572308235143,191,742.909973,0.027230812258862924,206,701.090027,0.05964989429239176,293,678.650024,0.03306564828177172,290,673.02001953125,0.008365284586927979,248,680.9199829101562,-0.011601896253939037,283,675.4400024414062,0.008113201740751919,,,
109,RGLD,"Royal Gold, Inc. - Common Stock",,109,231.759995,,102,236.619995,-0.02053926169679776,129,230.679993,0.025749966101308086,156,225.979996,0.02079828782721105,128,232.869995,-0.029587319740355555,126,233.509995,-0.0027407820380451753,142,234.130005,-0.0026481441368439995,144,229.919998,0.018310747375702485,171,218.110001,0.05414697604810881,217,215.089996,0.014040657660340461,293,206.029999,0.04397416417014122,315,202.039993,0.019748595021976678,296,198.350006,0.018603412595812996,278,203.039993,-0.02309883353867137,326,195.479996,0.03867401859369801,364,196.160004,-0.0034665986242535807,348,201.020004,-0.024176698354856363,332,200.960007,0.00029855194023764575,363,199.639999,0.0066119415278098614,369,201.259995,-0.008049269801482462,395,194.009995,0.037369208735869464,401,187.360001,0.03549313601893078,406,189.169998,-0.009568097579617185,377,191.175003,-0.010513626287244393,359,193.020004,-0.009558599946977497,347,193.509995,-0.002532122436363027,322,193.470001,0.0002067193869503825,350,196.830002,-0.017070573417969137,347,198.779999,-0.0098098249814359,376,191.929993,0.035690127910336544,377,196.610001,-0.023803509364714426,362,201.910004,-0.026249333341600956,366,204.130005,-0.01087542715731582,397,198.789993,0.02686257954644633,408,199.610001,-0.004108050678282349,390,202.119995,-0.012418335949394677,352,207.949997,-0.028035595499431576,376,204.619995,0.016274079177843737,368,202.24000549316406,0.011768146465384044,359,206.61000061035156,-0.02115094128478323,338,214.64999389648438,-0.037456292684545756,,,
110,CRWV,"CoreWeave, Inc. - Class A Common Stock",,110,96.900002,,29,106.0,-0.08584903773584907,32,105.260002,0.0070301917721795615,52,106.290001,-0.009690459970924326,61,107.730003,-0.013366768401556595,359,90.32,0.19275911204605856,406,88.190002,0.02415237500504852,381,90.669998,-0.02735189207790656,455,85.330002,0.06258052120987889,308,89.889999,-0.05072863556267271,314,91.900002,-0.02187163173293505,366,85.760002,0.07159514758406837,452,71.769997,0.19492832081350087,480,73.900002,-0.028822800302495177,476,60.82,0.21506086813548175,483,67.300003,-0.09628533003185757,480,70.790001,-0.049300719744303945,482,71.879997,-0.01516410747763386,474,81.099998,-0.11368682154591414,468,82.639999,-0.018635055888614027,495,79.580002,0.0384518336654478,494,73.059998,0.08924177632745067,499,73.209999,-0.0020489141107624675,492,72.910004,0.0041145931085122545,486,77.120003,-0.0545902338722678,478,79.940002,-0.03527644395105234,455,83.309998,-0.04045127932904269,445,88.879997,-0.0626687577408448,451,89.699997,-0.00914158336036508,462,90.0,-0.003333366666666726,468,83.529999,0.07745721390467142,477,86.459999,-0.03388850374610797,486,81.745003,0.057679317719273815,501,85.684998,-0.0459823200322651,448,99.540001,-0.1391903040065271,446,95.510002,0.04219452325003625,433,96.580002,-0.011078898093209721,410,98.760002,-0.02207371360725574,409,100.87999725341797,-0.021015018467932745,376,105.72000122070312,-0.04578134652117527,259,111.29000091552734,-0.05004941998338208,,,
111,INDV,INDIVIOR PHARMACEUTICALS INC,Health Care,111,39.73,,158,39.080002,0.016632496589943813,164,39.009998,0.0017945143191240298,178,38.220001,0.020669727350347333,144,38.73,-0.013168060934675818,141,38.43,0.0078064012490242085,119,38.470001,-0.0010397972175775205,87,38.82,-0.009015945388974655,76,38.669998,0.003879027870650642,75,38.73,-0.0015492383165504053,121,36.5,0.061095890410958864,100,37.369999,-0.023280680312568358,86,40.009998,-0.065983482428567,126,39.700001,-0.005221357403745519,115,40.099998,0.0029925936654662255,110,40.990002,-0.02171270935775993,127,40.029999,0.023982089032777765,96,40.525002,-0.012214755720431625,72,40.509998,0.0003703777028081223,51,40.450001,0.0014832385294627493,,,,,,,,,,,,,,,,,,,,,,179,40.5,-0.0071605185185183995,140,41.299999,-0.019370436304368965,156,40.889999,0.010026901688112044,159,40.830002,0.001469434167551631,136,39.990002,0.021005250262303043,86,39.799999,0.004773944843566413,100,40.25,-0.011180149068322986,116,41.029999,-0.019010456227405603,113,41.259998,-0.005574382238215492,,,,124,41.470001,0.013078251075847813,,,,,,,,,,,,
112,EXE,Expand Energy,Energy,112,95.459999,,139,94.175003,0.01364476728500863,133,94.779999,-0.006383161071778498,129,94.68,0.0010561787072242979,108,96.279999,-0.016618186711863103,88,98.239998,-0.019951130292164665,89,97.559998,0.006970069843584836,125,92.839996,0.05084017883843939,144,91.959999,0.009569345471611035,147,90.82,0.01255229024443949,107,93.07,-0.024175351885677432,79,94.660004,-0.016796999078935282,69,94.029999,0.006700042610869206,99,92.419998,0.01742048295651344,81,92.459999,-0.0004326303313066937,112,88.519997,0.04450973942079983,104,90.510002,-0.021986575583105128,89,91.519997,-0.011035784889722011,85,91.730003,-0.0022893927082940912,78,93.169998,-0.01545556542783233,124,88.580002,0.051817519715116056,144,86.949997,0.01874646413156289,138,88.129997,-0.013389311700532591,244,88.18,-0.0005670560217736487,265,87.629997,0.006276423814096432,231,87.809998,-0.0020498918585556414,277,87.099998,0.008151550129771534,281,87.25,-0.0017192206303725532,312,88.970001,-0.0193323702446625,315,90.099998,-0.01254158740380884,309,89.559998,0.006029477579934772,309,88.889999,0.007537394617362914,279,90.720001,-0.02017197949545868,305,89.57,0.012839131405604665,307,91.190002,-0.017765127365607647,360,87.540001,0.04169523598703173,327,88.470001,-0.010512037860155421,342,88.440002,0.00033920171100843,378,88.5999984741211,-0.0018058239685286859,373,88.7300033569336,-0.0014651752012224684,408,88.44000244140625,0.0032790704821556993,,,
113,SNPS,Synopsys,Information Technology,113,406.545013,,118,413.220001,-0.016153593688220447,181,421.5,-0.01964412574139973,224,411.75,0.023679417122040025,214,412.320007,-0.0013824383738914037,234,410.910004,0.003431415605057886,258,411.679993,-0.0018703580768861805,233,415.98999,-0.01036081901874597,229,405.980011,0.024656334619390874,231,400.820007,0.012873618856056757,222,403.859985,-0.007527306771924924,206,392.070007,0.030071104112791902,244,388.76001,0.008514242501434177,270,372.329987,0.04412758459876609,275,373.690002,-0.0036394203556989746,284,383.820007,-0.026392592400739545,284,388.98999,-0.013290786737211402,327,373.470001,0.04155618646328696,290,373.519989,-0.0001338295177556459,301,377.609985,-0.010831270788562386,285,389.070007,-0.02945490989748789,316,378.459991,0.028034709750865083,277,384.279999,-0.015145227477738055,368,417.029999,-0.0785315207024232,363,425.274994,-0.01939898424426023,374,425.899994,-0.001467480649929298,388,433.820007,-0.018256449385009588,373,445.5,-0.02621771717171728,388,443.369995,0.004804125276903326,387,434.5,0.020414257767549016,393,436.630005,-0.004878283616811863,393,442.269989,-0.01275235521350293,392,437.160004,0.011689049668871299,356,454.529999,-0.03821528840387933,354,446.070007,0.01896561496455873,353,447.26001,-0.002660651463116559,407,454.339996,-0.015583012858942702,412,455.019989,-0.001494424457031962,403,463.92999267578125,-0.019205492497658017,368,461.5,0.005265423618634912,373,464.5799865722656,-0.0066296161827564815,,,
114,GLNG,GOLAR LNG,Energy,114,52.349998,,,,,,,,,,,,,,,,,,,,,,,192,51.02,-0.011564092512740154,168,50.209999,0.016132264810441388,155,49.43,0.01577987052397334,118,49.16,0.005492270138323985,117,49.150002,0.00020341809955559675,142,48.235001,0.018864012484908432,167,47.349998,0.018690666048180038,114,48.68,-0.027321322925225933,130,48.98,-0.0061249489587585915,122,48.619999,0.007404381065495125,,,,,,,,,,,,,,,,,,,,,,,,,,,,,,,,,,,,,,,,,,,,,,,,,,,,,,,,,,,,,,,,,,,,,,,,
115,NDAQ,"Nasdaq, Inc.",Financials,115,97.415001,,121,96.68,0.007602410012412131,147,97.019997,-0.0035044012627623022,109,97.589996,-0.005840752365642077,83,95.660004,0.02017553752140766,105,95.019997,0.006735498002593987,81,95.620003,-0.006274900451529897,71,94.589996,0.010889174791803624,41,94.699997,-0.0011615734264489586,44,94.559998,0.0014805309111787235,43,93.620003,0.010040535888468094,34,94.139999,-0.005523645692836698,31,94.190002,-0.0005308737545202113,16,95.160004,-0.010193379142775072,10,95.550003,-0.004081622059185053,8,95.959999,-0.004272571949484827,14,93.940002,0.021503054683775558,19,92.089996,0.0200891093534199,33,90.419998,0.018469343474216693,31,90.900002,-0.005280571941021495,41,90.239998,0.007313874275573395,47,91.870003,-0.017742516020163857,76,91.639999,0.0025098647152974607,200,94.25,-0.027692318302387275,231,91.360001,0.0316330885329128,251,88.010002,0.03806384415262243,245,89.209999,-0.013451373315226611,280,88.080002,0.012829211788619288,285,87.519997,0.0063985948262770265,325,84.389999,0.0370896793114075,299,86.43,-0.02360292722434343,321,84.470001,0.023203492089457933,294,84.660004,-0.002244306532279472,360,82.730003,0.02332891248656188,399,78.82,0.049606736868815116,394,76.845001,0.025634379326854306,382,78.559998,-0.021830410433564373,390,77.650002,0.011719201243549193,357,81.61000061035156,-0.04852345241363243,340,82.48999786376953,-0.010667923643300381,355,82.61000061035156,-0.001452644940653114,,,
116,PTEN,PATTERSON UTI ENERGY INC,Energy,116,12.15,,108,12.215,-0.005728314238952592,138,11.37,0.0743183817062445,215,10.9,0.04311926605504568,189,11.02,-0.010889292196007205,156,11.06,-0.003616636528029016,133,10.99,0.006369426751592355,246,9.87,0.1134751773049647,245,10.05,-0.017910447761194215,215,9.54,0.053459119496855445,78,10.09,-0.05450941526263631,57,10.27,-0.017526777020447915,48,10.48,-0.020038167938931428,166,9.85,0.06395939086294433,264,9.33,0.055734190782422255,319,9.17,0.017448200654307522,314,9.41,-0.025504782146652527,154,10.2,-0.07745098039215681,202,10.34,-0.013539651837524258,206,10.72,-0.035447761194029925,220,10.53,0.01804368471035156,314,10.1,0.04257425742574261,315,10.02,0.007984031936127733,375,9.64,0.03941908713692932,410,9.84,-0.020325203252032464,411,9.86,-0.0020283975659228792,448,9.68,0.018595041322313932,449,9.39,0.03088391906283272,450,9.4,-0.0010638297872340718,419,9.7,-0.030927835051546282,435,9.15,0.060109289617486183,454,8.56,0.0689252336448598,447,8.66,-0.011547344110854452,472,8.57,0.010501750291715295,441,9.18,-0.06644880174291934,427,9.55,-0.03874345549738234,441,9.59,-0.004171011470281427,472,9.77,-0.01842374616171949,473,9.520000457763672,0.02626050420168058,455,10.069999694824219,-0.054617676266137116,476,10.199999809265137,-0.012745098039215641,,,
117,FOX,Fox Corporation (Class B),Communication Services,117,62.790001,,150,61.400002,0.021141632098174323,,,,,,,,,,,,,,,,,,,,,,,,,,,,,,,,,,159,52.029999,-0.007642357661444499,114,52.73,-0.007396169163663813,139,51.630001,0.02130542279090797,126,50.810001,0.01613855508485429,158,49.41,0.028334365513054127,150,49.18,0.004676697844652189,143,50.630001,-0.0286391659364178,183,51.470001,-0.01632018619933584,167,51.549999,-0.0015518526004237865,198,51.630001,-0.0015495254396760139,248,51.080002,0.010767403650454144,407,50.389999,0.013693252901235464,439,49.5,0.017979777777777928,446,50.220001,-0.01433693718962692,461,48.75,0.03015386666666675,452,48.439999,0.006399690470678898,448,47.950001,0.010218936178958637,390,49.200001,-0.025406503548648263,377,49.900002,-0.014028075590057143,369,50.560001,-0.013053777431689562,419,48.419998,0.044196676753270436,421,46.84,0.03373181041844564,449,45.709999,0.024721090017963077,444,45.91,-0.0043563711609669875,420,44.389999,0.034241969683306284,400,45.369998931884766,-0.021600176804059346,395,44.54999923706055,0.018406285486112006,422,44.93000030517578,-0.008457622969062939,,,
118,CPRT,Copart,Industrials,118,32.41,,151,31.700001,0.02239744408840849,202,31.610001,0.002847200163011765,246,29.389999,0.07553596718393907,265,28.99,0.013797826836840388,248,29.4,-0.0139455782312925,235,29.59,-0.006421088205474823,255,29.66,-0.00236008091705997,296,29.01,0.02240606687349178,315,28.91,0.003459010722933309,280,29.4,-0.016666666666666607,284,29.35,0.0017035775127767216,200,29.120001,0.007898317036459046,182,29.565001,-0.01521809266148133,129,30.82,-0.04072027903958475,245,30.690001,0.004235874739789036,275,29.790001,0.030211479348389414,357,27.940001,0.06621331187497104,361,27.200001,0.027205881352724948,345,27.17,0.00110419580419574,363,27.17,0.0,340,27.49,-0.011640596580574591,360,27.610001,-0.00434628741954779,337,28.290001,-0.02403676125709575,385,27.280001,0.037023459053392216,395,27.52,-0.008720893895348913,411,27.445,0.0025500545519105966,416,27.514999,-0.002725290697674354,380,28.33,-0.028768125661842503,374,28.59,-0.009094088842252601,308,29.27,-0.023231978134608755,306,29.24,0.0010259917920656392,267,30.01,-0.025658113962012785,357,28.790001,0.0423757887330396,397,28.190001,0.021284142558207098,409,28.1,0.0032028825622774093,357,30.549999,-0.08019636923719697,359,30.049999,0.016638935661861476,365,30.399999618530273,-0.01151319078947366,406,29.600000381469727,0.027027027027026973,384,29.479999542236328,0.004070556309362372,,,
119,MANH,"Manhattan Associates, Inc. - Common Stock",,119,200.032501,,132,196.470001,0.01813253922668845,127,197.389999,-0.004660813641323314,76,200.919998,-0.017569176961668154,132,192.630005,0.04303583442257586,110,195.199997,-0.01316594282529615,72,195.690002,-0.002503985870468739,64,195.229996,0.0023562260381340128,111,190.630005,0.024130466764662684,61,192.080002,-0.007548922245429801,72,189.419998,0.014042888966771194,52,187.240005,0.011642773669013673,21,191.360001,-0.021530079318927364,15,190.970001,0.002042205571334721,15,204.020004,-0.06396433067416274,59,168.169998,0.21317718039099942,59,159.289993,0.05574741283339746,115,151.669998,0.050240621747750014,137,147.429993,0.02875944652591822,122,149.110001,-0.011266903552633045,103,159.119995,-0.06290846100139691,75,165.509995,-0.038607940263668206,126,163.190002,0.014216514318077023,94,163.130005,0.0003677864167292988,145,156.580002,0.04183167017714062,105,158.600006,-0.012736468622832176,171,158.309998,0.0018318994609551886,218,154.899994,0.022014229387252282,221,156.630005,-0.011045208100453174,224,154.779999,0.011952487478695595,224,158.169998,-0.021432629720334107,287,153.809998,0.028346661834037556,314,151.039993,0.018339546665630424,391,146.410004,0.031623446987953274,375,139.25,0.051418341113105726,336,138.100006,0.008327255250083043,300,137.850006,0.0018135653907769278,377,127.870003,0.07804803914800895,364,130.8699951171875,-0.02292345162846532,338,130.17999267578125,0.005300369005243333,383,128.77000427246094,0.01094966961405075,,,
120,GTLB,GitLab Inc. - Class A Common Stock,,120,41.82,,111,40.52,0.03208292201382035,50,42.619999,-0.04927261964506369,57,43.349998,-0.016839654756154787,97,40.810001,0.06223957210880737,93,42.110001,-0.030871526220101475,95,40.73,0.033881684262214495,186,38.970001,0.0451629190361067,232,35.68,0.09220854820627822,241,36.16,-0.01327433628318575,221,36.48,-0.00877192982456143,196,35.584999,0.025151075597894312,195,34.509998,0.031150421973365594,275,33.720001,0.02342814284020922,243,34.029999,-0.009109550664400334,272,32.965,0.03230696192931881,194,32.880001,0.0025851276586033034,283,31.280001,0.05115089350540636,272,30.219999,0.035076175879423355,156,31.35,-0.03604468899521529,147,32.849998,-0.045662042353853405,114,34.07,-0.03580868799530379,144,32.720001,0.04125913688083305,220,31.754999,0.03038897907066551,74,32.830002,-0.032744530445048325,90,32.98,-0.004548150394178219,101,33.470001,-0.014640005538093859,223,32.419998,0.03238750970928517,223,33.860001,-0.04252814404819416,302,31.74,0.06679272211720222,251,32.59,-0.02608162012887405,269,32.849998,-0.007914703678216228,309,32.07,0.02432173370751478,388,31.530001,0.0171265138875194,344,30.530001,0.03275466646725622,229,29.85,0.02278060301507523,193,29.07,0.026831785345717174,277,27.49,0.05747544561658802,245,28.270000457763672,-0.027591085956844785,335,27.0,0.04703703703703699,431,25.829999923706055,0.04529616724738683,,,
121,GMAB,Genmab A/S - American Depositary Shares,,121,32.75,,154,32.84,-0.0027405602923264993,224,31.940001,0.028177801246781486,231,31.34,0.019144894703254645,200,31.42,-0.0025461489497136114,231,30.85,0.018476499189627127,246,30.870001,-0.0006479105718201206,,,,,,,,,,,,,,,,,,,,,,,,,,,,,,,,,,170,29.17,-0.010284504628042646,177,28.85,0.01109185441941074,191,28.365,0.0170985369293144,216,27.91,0.01630240057327126,122,28.719999,-0.028203308781452274,49,28.98,-0.008971739130434697,62,29.08,-0.003438789546079679,73,28.73,0.012182387747998513,68,28.799999,-0.002430520917726442,,,,,,,,,,,,,,,,,,,,,,,,,,,,,,,,,,,,,,,,,,,,,
122,ZS,"Zscaler, Inc. - Common Stock",,122,185.889999,,138,184.440002,0.007861618869425158,115,183.600006,0.004575141462686005,104,188.179993,-0.024338331227379717,205,177.320007,0.06124512503543933,118,178.550003,-0.006888804140764981,106,176.679993,0.010584163878702535,214,168.679993,0.04742708283133501,225,162.600006,0.037392292593150245,269,161.649994,0.005876968977802877,259,163.220001,-0.009618962078060567,286,154.460007,0.056713670872745814,292,151.199997,0.021560913126208447,279,148.389999,0.01893657267293336,214,153.770004,-0.03498735032874167,192,151.630005,0.0141132950566083,145,147.300003,0.02939580388195928,202,142.320007,0.03499153847006209,216,139.699997,0.01875454585729175,185,142.259995,-0.01799520659339271,142,148.720001,-0.04343737195106656,129,149.820007,-0.007342183611031339,149,149.940002,-0.0008002867707044281,136,146.429993,0.02397056045751489,112,148.190002,-0.011876705420383216,72,152.089996,-0.025642672776452824,151,141.820007,0.0724156571223411,189,139.270004,0.018309779038995444,170,147.119995,-0.05335774379274538,212,143.550003,0.02486932724062707,205,149.5,-0.03979931103678924,198,150.419998,-0.006116194736287661,300,147.330002,0.020973297753705156,384,146.449997,0.006008911014180551,331,141.149994,0.03754872989934377,273,137.600006,0.02579933027037784,272,132.259995,0.04037510359803065,484,123.800003,0.06833595957182648,475,127.2699966430664,-0.027264823460316445,473,126.16999816894531,0.008718388027556312,491,124.05999755859375,0.017007899677702776,,,
123,RGTI,RIGETTI COMPUTING,Information Technology,123,18.070101,,93,18.67,-0.03213170862346015,80,18.82,-0.007970244420828831,173,18.620001,0.010741084278137247,248,18.42,0.01085781758957638,212,18.09,0.018242122719734688,321,17.65,0.024929178470254998,331,17.940001,-0.016165049266162246,398,16.530001,0.08529945037510878,380,16.780001,-0.014898688027491724,396,17.450001,-0.0383954132724692,428,16.02,0.08926348314606747,440,14.95,0.07157190635451505,440,14.86,0.00605652759084796,447,13.22,0.12405446293494693,435,14.52,-0.08953168044077131,429,15.64,-0.07161125319693096,474,14.15,0.10530035335689036,483,14.85,-0.047138047138047146,471,15.23,-0.024950755088640864,477,15.28,-0.003272251308900409,475,14.25,0.07228070175438583,482,14.11,0.009922041105598911,487,14.1,0.0007092198581559739,483,15.25,-0.07540983606557383,479,16.110001,-0.053383050690065215,488,15.36,0.048828190104166724,471,16.540001,-0.07134225687168949,490,16.99,-0.026486109476162367,485,16.92,0.004137115839243366,496,16.549999,0.02235655724208807,488,17.959999,-0.07850779947148101,501,17.940001,0.0011147156569277783,491,18.68,-0.03961450749464668,490,19.32,-0.0331262939958592,495,19.440001,-0.006172890628966421,489,18.360001,0.058823526207868904,494,18.41,-0.0027158609451385374,489,19.530000686645508,-0.057347718517781865,458,21.280000686645508,-0.08223683824075012,176,21.3799991607666,-0.004677175148605106,,,
124,MORN,"Morningstar, Inc. - Common Stock",,124,210.949997,,,,,,,,,,,199,197.509995,0.047491287719388486,228,195.380005,0.010901780865447241,148,201.029999,-0.02810522821521777,123,200.660004,0.0018438901257074036,132,196.570007,0.02080682125630684,141,199.324997,-0.013846360168099592,91,200.25,-0.004619240948814052,65,198.929993,0.006635535346346755,74,192.570007,0.03302687733713383,59,193.119995,-0.002847908110188091,49,198.660004,-0.027886886582364045,54,194.119995,0.023387642267351128,53,182.429993,0.06407938633204902,,,,,,,,,,,,,313,171.615005,-0.035281777925063484,331,172.479996,-0.004174402926122478,294,173.899994,-0.008165601201803319,339,169.25,0.027474115214180195,332,170.479996,-0.00721489927768415,383,173.550003,-0.01768946670660676,414,165.179993,0.050672056875556315,397,165.550003,-0.002235034692207205,,,,356,170.960007,-0.034686521743064636,375,166.380005,0.027527358230335253,377,165.940002,0.0026515788519758665,,,,,,,,,,,,,,,,,,,,,,,,,,,
125,PYPL,PayPal,Financials,125,61.060001,,137,60.470001,0.009756904088690233,124,61.66,-0.019299367499189035,127,60.59,0.01765967981515093,34,59.200001,0.023479712441221157,43,59.0,0.0033898474576270488,27,59.07,-0.0011850347045877507,11,59.07,0.0,7,59.779999,-0.011876865370974654,14,57.93,0.03193507681684782,12,58.540001,-0.010420242391181334,10,57.869999,0.011577708857399394,8,57.209999,0.011536444879154617,5,57.650002,-0.007632315433397485,6,58.349998,-0.01199650426723231,5,58.32,0.0005143689986282229,6,56.07,0.0401284109149278,4,56.150002,-0.0014247906883422257,6,56.0,0.002678607142857059,7,55.509998,0.008827274683021802,4,55.849998,-0.006087735222479296,4,56.82,-0.01707148891235477,3,56.560001,0.0045968704986409925,15,56.73,-0.0029966331746870134,20,55.52,0.02179394812680102,102,47.369999,0.1720498453039867,111,47.650002,-0.005876243195120923,164,46.32,0.028713341968911843,215,45.32,0.02206531332744932,213,44.529999,0.0177408717211065,212,45.650002,-0.024534566285451698,234,45.09,0.012419649589709314,257,45.470001,-0.008357180374814588,324,44.07,0.031767665078284546,339,43.18,0.020611394163964736,293,44.380001,-0.027039228773338753,275,44.290001,0.0020320613675308685,333,42.380001,0.04506842744057504,333,42.47999954223633,-0.002354025423728756,351,41.70000076293945,0.018705011541846117,345,42.34000015258789,-0.015115706188001954,,,
126,ADP,Automatic Data Processing,Industrials,126,271.915009,,159,266.059998,0.022006355874662598,139,272.959991,-0.025278404262549903,93,276.230011,-0.011838033051376096,102,269.329987,0.02561921929621591,121,271.089996,-0.006492342122429218,74,273.674988,-0.009463596412763842,63,271.320007,0.008679717452609426,47,273.51001,-0.00800703052879137,66,270.089996,0.012662497873486833,46,270.619995,-0.0019584620862920232,42,269.779999,0.0031136333424037765,42,266.459991,0.012459686677689596,34,263.869995,0.009815424447936927,23,273.369995,-0.034751436418616444,24,264.170013,0.0348259891254199,28,254.979996,0.03604210975044486,36,250.089996,0.019552961246798395,50,242.880005,0.02968540370377548,39,243.119995,-0.0009871257195442906,55,246.220001,-0.012590390656362693,46,255.240005,-0.03533930349202119,50,255.270004,-0.00011751870384268948,91,256.559998,-0.005028040263704736,163,247.470001,0.03673171278647236,183,246.440002,0.004179512220584991,212,251.050003,-0.018362879684968636,260,241.919998,0.03773976965724013,272,241.279999,0.0026525157603303207,263,241.369995,-0.00037285496070038615,222,245.600006,-0.01722317140334284,259,239.490005,0.025512551139660333,233,242.270004,-0.011474796524954867,270,235.729996,0.027743639379691043,282,223.949997,0.052601023254311485,265,224.970001,-0.0045339556183759955,254,223.550003,0.0063520374902432675,299,216.309998,0.03347050560279685,317,219.85499572753906,-0.016146652341732737,282,220.5,-0.002925188208616758,340,214.60000610351562,0.02749298152396129,,,
127,TVTX,TRAVERE THERAPEUTICS,Health Care,127,63.465,,164,63.529999,-0.0010231229501513894,160,62.139999,0.0223688449045516,194,61.43,0.011557854468500883,171,62.16,-0.011743886743886711,150,60.209999,0.03238666388285427,150,60.889999,-0.011167679605315839,142,61.32,-0.00701241030658839,119,62.450001,-0.018094491303530913,112,62.759998,-0.00493940423643735,268,56.02,0.12031413780792577,276,54.98,0.01891596944343399,235,55.889999,-0.01628196486459066,226,57.279999,-0.024266760200187698,283,55.560001,0.030957486843817605,314,55.91,-0.0062600429261312485,312,56.68,-0.013585038814396655,248,57.360001,-0.011854968412570277,225,56.68,0.011997194777699338,233,56.259998,0.007465375309824829,240,56.580002,-0.005655779227437985,246,55.470001,0.020010834324664994,182,56.709999,-0.0218655972820595,219,55.279999,0.025868307269687252,135,56.740002,-0.025731458380984895,76,57.060001,-0.005608114167400813,69,56.290001,0.013679161242153848,96,56.59,-0.005301272309595428,78,58.470001,-0.03215325753115683,58,58.360001,0.0018848526064967341,56,57.849998,0.008815955360966354,51,57.48,0.006436986778009857,39,56.919998,0.009838405124328986,61,56.34,0.010294604188853418,81,56.810001,-0.008273208796458098,71,58.299999,-0.02555742753957857,62,58.849998,-0.009345777717783443,34,59.029999,-0.003049313959839206,33,57.689998626708984,0.023227596173125198,48,55.95000076293945,0.031099159408415344,64,55.11000061035156,0.015242242510574489,,,
128,USAR,USA RARE EARTH CLASS A,Materials,128,18.811199,,135,19.290001,-0.02482125324928708,109,20.0,-0.03549994999999995,295,18.610001,0.07469096858189306,368,18.41,0.010863715372080307,264,18.91,-0.026441036488630387,335,19.040001,-0.006827783254843345,341,19.33,-0.015002534919813626,405,17.41,0.1102814474439977,401,17.16,0.014568764568764658,433,17.275,-0.006657018813313931,446,15.86,0.08921815889029006,451,14.95,0.0608695652173914,458,14.65,0.020477815699658564,469,13.07,0.1208875286916602,466,14.06,-0.07041251778093882,470,14.93,-0.05827193569993294,485,14.15,0.055123674911660814,494,15.14,-0.06538969616908852,486,15.82,-0.04298356510745893,490,15.8,0.0012658227848101333,489,15.23,0.03742613263296124,469,15.65,-0.026837060702875393,468,15.91,-0.01634192331866746,471,17.309999,-0.08087805204379284,474,18.190001,-0.048378337087501944,467,17.209999,0.05694375694036924,459,18.48,-0.06872299783549785,464,18.870001,-0.02066777844897827,480,18.450001,0.02276422640844289,497,17.780001,0.03768278753190191,489,19.35,-0.08113689922480638,502,19.15,0.010443864229765065,489,19.98,-0.04154154154154166,476,21.58,-0.07414272474513428,485,21.040001,0.025665350491190564,488,20.469999,0.027845726812199656,493,20.66,-0.009196563407550817,476,21.420000076293945,-0.03548085901027087,460,22.889999389648438,-0.06422014260463693,389,24.1200008392334,-0.05099510568013654,,,
129,DASH,DoorDash,Consumer Discretionary,129,221.550003,,160,212.720001,0.0415099753595809,142,217.020004,-0.019813855500620092,152,216.259995,0.0035143300544329126,143,212.490005,0.0177419639102554,148,212.0,0.0023113443396225453,175,209.860001,0.010197269559719446,132,216.259995,-0.029593980153379662,135,213.259995,0.014067335976445161,233,207.270004,0.028899459084296586,205,202.369995,0.024213120131766575,215,200.5,0.009326658354114725,211,196.160004,0.022124775242153838,201,197.529999,-0.006935630065993292,218,193.529999,0.020668630293332546,207,195.520004,-0.010178012271317205,242,184.369995,0.06047626675913298,316,172.910004,0.06627720047938923,295,169.770004,0.01849561127418009,261,177.729996,-0.044786992511944956,203,188.039993,-0.05482874592534159,140,189.020004,-0.005184694631579778,199,184.139999,0.02650160218584552,148,186.360001,-0.011912438227557276,48,190.160004,-0.019983187421472537,67,187.789993,0.012620539370274075,61,189.570007,-0.009389744866127425,71,191.820007,-0.011729746209424352,81,192.350006,-0.0027553885285556134,103,189.350006,0.01584367523072583,79,195.720001,-0.032546469279856494,98,188.460007,0.038522730183279785,97,192.009995,-0.01848855836905794,152,188.869995,0.01662519237108051,138,184.529999,0.02351918941916864,112,184.820007,-0.0015691374797968116,108,183.089996,0.009448965196328762,115,176.910004,0.03493297077761648,141,177.92999267578125,-0.005732529872015557,181,171.52000427246094,0.03737167007062325,212,172.0800018310547,-0.003254288665105909,,,
130,CRNX,CRINETICS PHARMACEUTICALS,Health Care,130,84.785004,,144,84.75,0.00041302654867259037,148,84.699997,0.0005903542121732386,146,84.440002,0.003079050140240236,138,84.459999,-0.00023676296752017656,138,84.360001,0.0011853722002681533,143,84.150002,0.0024955317291615042,115,84.080002,0.0008325404178750606,110,83.919998,0.0019066254029223018,110,84.0,-0.0009524047619047238,1,83.860001,0.0016694371372594219,1,83.760002,0.0011938753296591997,1,83.519997,0.002873623187510388,1,83.629997,-0.001315317516990988,1,83.879997,-0.002980448366015076,1,83.860001,0.00023844502458336692,1,83.849998,0.00011929636539753652,1,83.730003,0.0014331183052747054,1,83.650002,0.0009563777416286001,1,83.720001,-0.0008361084467736202,1,83.900002,-0.0021454230716229095,1,83.870003,0.0003576844989501282,1,83.860001,0.00011927021083635303,4,83.910004,-0.0005959122585669219,3,83.900002,0.00011921334638342884,3,83.709999,0.002269776636838916,3,83.669998,0.0004780805659871934,2,83.580002,0.0010767647504963396,4,83.620003,-0.00047836640235476846,4,83.489998,0.0015571326280303666,9,83.529999,-0.0004788818445934373,,,,,,,,,,,,,,,,,,,,,,,,,,,,,,,,,
131,SLS,SELLAS LIFE SCIENCES GROUP INC,Health Care,131,13.325,,254,13.0,0.02499999999999991,125,12.78,0.017214397496087663,250,12.36,0.03398058252427183,,,,,,,,,,327,12.01,-0.08076602830974189,408,11.7,0.026495726495726624,397,11.86,-0.013490725126475533,410,11.81,0.0042337002540220325,439,11.22,0.05258467023172897,413,10.01,0.1208791208791209,411,10.29,-0.027210884353741416,401,10.1,0.01881188118811883,389,10.09,0.0009910802775023875,209,10.835,-0.06918819188191883,29,11.32,-0.04284452296819785,10,12.34,-0.08265802269043754,5,12.08,0.021523178807947074,2,12.9,-0.06356589147286829,2,12.475,0.033653846153846256,2,13.19,-0.05420773313116001,13,11.75,0.12255319148936161,6,12.79,-0.08131352619233767,6,13.39,-0.044809559372666286,5,12.62,0.06101426307448499,6,12.76,-0.010971786833855801,9,13.51,-0.05551443375277576,13,13.76,-0.018168604651162767,12,13.5,0.01925925925925931,9,13.94,-0.031563845050215145,13,14.98,-0.06942590120160219,17,13.27,0.1288620949510173,17,14.76,-0.10094850948509482,16,15.45,-0.044660194174757306,17,12.39,0.24697336561743333,47,10.53,0.17663817663817682,,,,,,,,,,,,
132,JAZZ,Jazz Pharmaceuticals plc - Ordinary Shares,,132,254.889999,,181,248.360001,0.026292470501318776,163,244.960007,0.013879792222573073,136,245.850006,-0.0036200893971098935,113,248.945007,-0.012452263656785645,119,247.979996,0.0038914872794819644,97,256.519989,-0.03329172526979962,90,256.559998,-0.00015594402990293244,86,256.649994,-0.000350656544336303,68,261.570007,-0.0188095456984102,60,261.619995,-0.00019107102268711706,76,251.580002,0.03990775467121588,65,252.860001,-0.00506208571912492,71,258.380005,-0.02136389772111036,76,255.970001,0.009415181429795805,42,256.920013,-0.0036976955936864897,42,255.429993,0.0058333791678097935,40,253.869995,0.006144869542381359,41,254.869995,-0.003923568955223611,47,250.410004,0.01781075407833943,51,254.220001,-0.014987007257544649,89,243.470001,0.04415328359077808,73,247.529999,-0.016402044262925908,224,242.179993,0.02209103210272212,234,239.320007,0.011950467643100149,272,238.050003,0.005335030388552431,253,236.970001,0.004557547349632651,226,243.820007,-0.028094519741359902,240,246.910004,-0.01251466910996435,248,248.25,-0.00539776837865058,250,247.720001,0.0021395083072037746,241,244.169998,0.014539063067035896,224,243.470001,0.002875085214297135,285,237.509995,0.025093706056454668,299,240.970001,-0.014358658694614834,306,237.720001,0.013671546299547588,337,230.020004,0.033475336345094586,338,226.199997,0.016887741161198955,342,229.85000610351562,-0.015879960429498574,337,230.25,-0.0017372160694896222,376,225.9199981689453,0.01916608550961474,,,
133,GEN,Gen Digital,Information Technology,133,27.77,,156,27.41,0.013133892739875863,123,28.48,-0.0375702247191011,70,29.57,-0.03686168413933044,79,28.639999,0.03247210308910975,72,29.01,-0.012754257152706061,56,29.290001,-0.009559610462287038,50,29.17,0.004113849845731821,72,28.1,0.03807829181494671,108,27.950001,0.005366690326773282,95,28.27,-0.011319384506544017,81,28.17,0.0035498757543486192,81,27.450001,0.02622947081131266,66,27.290001,0.005862953247967928,63,27.629999,-0.012305393134469544,44,27.58,0.0018128716461205396,38,26.74,0.03141361256544495,53,25.84,0.03482972136222906,60,25.07,0.030714000797766206,53,25.58,-0.01993745113369816,86,26.110001,-0.020298773638499745,72,26.674999,-0.021364280359820076,79,26.74,-0.002430852655198157,172,27.01,-0.00999629766753063,190,26.450001,0.021171984076673533,176,26.57,-0.004516334211516759,249,26.16,0.015672782874617708,279,25.91,0.00964878425318405,337,25.99,-0.0030781069642169534,345,25.809999,0.006974080084233947,288,26.780001,-0.03622113382295977,315,26.6,0.006766954887218013,325,26.67,-0.002624671916010457,366,26.110001,0.02144768205868708,357,24.889999,0.04901575126620128,291,25.040001,-0.005990494968430737,299,24.450001,0.02413087835865535,335,23.309999,0.048906136804210076,334,23.559999465942383,-0.010611205883327868,356,23.260000228881836,0.012897635425623388,394,23.010000228881836,0.010864841373315892,,,
134,AAOI,"Applied Optoelectronics, Inc. - Common Stock",,134,136.264999,,37,154.889999,-0.12024662741459502,42,150.279999,0.03067607153763685,263,130.080002,0.15528902744020567,373,138.080002,-0.05793742673902913,254,134.330002,0.027916325051495106,327,132.809998,0.011444951606730758,332,135.630005,-0.020791911052425283,369,124.220001,0.09185319520324287,346,128.559998,-0.033758533505888866,379,131.630005,-0.023323002988566377,457,110.209999,0.19435628522236015,498,94.32,0.16846903095843935,494,90.110001,0.046720663114852234,487,76.519997,0.17760068652381156,496,88.139999,-0.13183574009343935,503,97.82,-0.0989572786751175,503,100.150002,-0.023265121851919757,497,112.019997,-0.10596317905632513,497,110.519997,0.013572204494359585,497,119.260002,-0.07328529979397447,499,103.019997,0.15763934646590982,503,102.410004,0.005956380980123743,496,100.239998,0.021648104981007776,503,109.089996,-0.08112566068844662,505,125.449997,-0.13041053321029572,504,111.879997,0.12129067182581355,506,119.919998,-0.06704470592135936,504,122.209999,-0.018738245796074304,505,114.440002,0.06789581321398419,501,114.410004,0.0002621973512038078,502,123.360001,-0.07255185576725143,504,120.949997,0.01992562265214448,482,139.0,-0.12985613669064755,460,148.160004,-0.061825079324376864,466,150.100006,-0.012924729663235435,487,135.690002,0.10619797912597884,488,138.539993,-0.020571612126471073,481,146.97000122070312,-0.05735869866395382,484,147.44000244140625,-0.0031877441238775672,416,171.22999572753906,-0.1389359023287018,,,
135,TECH,Bio-Techne,Health Care,135,72.355003,,149,72.389999,-0.00048343694548202976,144,72.400002,-0.0001381629796086692,133,72.169998,0.003186975285768945,126,72.230003,-0.0008307489617574992,131,72.150002,0.0011088149380784618,135,72.120003,0.00041595949462180926,111,72.290001,-0.002351611532001585,103,71.900002,0.005424186219076921,89,72.0,-0.0013888611111111393,83,72.089996,-0.001248384033756933,56,72.139999,-0.0006931383517208012,60,72.089996,0.0006936191257382873,70,72.029999,0.0008329446179777822,82,72.029999,0.0,74,72.07,-0.0005550298321075342,89,71.620003,0.0062831189772498686,13,71.599998,0.0002793994491452345,8,71.769997,-0.0023686638861083464,6,71.779999,-0.00013934243715996164,14,71.629997,0.002094122662046116,11,71.639999,-0.00013961474231738435,11,72.120003,-0.006655629229521676,27,71.769997,0.004876773228790654,26,71.480003,0.004056994793355084,24,71.230003,0.003509756976986189,18,71.360001,-0.001821720826489348,27,71.300003,0.000841486640610567,26,71.150002,0.002108236061609814,14,70.959999,0.002677607140327165,10,70.610001,0.004956776590330225,2,70.919998,-0.004371080213510625,3,70.830002,0.0012705915213726549,5,71.0,-0.0023943380281691296,8,70.650002,0.004953970135768815,6,70.900002,-0.0035260929893908832,4,71.0,-0.001408422535211229,13,70.699997,0.004243324083875288,60,58.875,0.20074721126448347,83,56.2599983215332,0.04648066286813579,103,55.61000061035156,0.01168849106836034,,,
136,FSLR,First Solar,Information Technology,136,220.199997,,199,217.850006,0.01078719731593658,153,225.559998,-0.034181557316736666,196,223.690002,0.008359765672495412,154,226.770004,-0.01358205206011287,58,240.910004,-0.058694117160863035,69,239.330002,0.006601771557249059,37,250.050003,-0.04287142919970288,37,244.139999,0.02420743845419615,55,236.800003,0.030996604337036215,58,243.630005,-0.028034321962928987,53,232.729996,0.04683542812418562,166,211.029999,0.10282896793265861,237,206.009995,0.02436776914634642,257,199.240005,0.033979069615060586,291,202.589996,-0.01653581650695135,322,205.830002,-0.015741174602913355,326,202.820007,0.014840720324006407,305,205.919998,-0.01505434649431181,338,208.860001,-0.014076429119618816,334,206.050003,0.013637456729374664,333,205.309998,0.0036043300726154026,324,211.990005,-0.03151095260363801,228,211.929993,0.000283168980239612,146,223.820007,-0.053123106193093794,194,220.580002,0.014688570906804088,126,221.029999,-0.0020359091618147307,142,227.830002,-0.029846828513832024,209,228.5,-0.002932157549234149,226,224.300003,0.018724908354102787,307,227.720001,-0.015018434854125906,323,233.059998,-0.022912542031344296,319,224.570007,0.03780554274997194,286,232.080002,-0.032359509372979045,288,235.960007,-0.01644348569628573,358,232.800003,0.013573900168721176,227,239.070007,-0.02622664414779563,164,248.639999,-0.038489350219149565,121,248.36000061035156,0.0011273876585302656,90,249.24000549316406,-0.0035307494075840218,74,263.1099853515625,-0.05271552122964851,,,
137,FANG,Diamondback Energy,Energy,137,209.429993,,168,206.289993,0.015221290932905251,152,202.470001,0.01886695303567465,153,199.509995,0.014836379500686059,146,200.839996,-0.00662219192635316,143,201.710007,-0.004313177184114503,102,198.970001,0.013770950325320719,121,188.039993,0.05812597536099662,130,189.630005,-0.00838481230857957,114,186.169998,0.018585201897031833,66,191.869995,-0.029707599669244744,35,198.75,-0.03461637735849066,33,202.949997,-0.020694737926012396,49,199.770004,0.015918270692931502,64,199.130005,0.0032139757140063896,87,190.304993,0.04634547366239783,79,195.800003,-0.02806440202148519,45,204.679993,-0.04338474840577111,57,205.490005,-0.003941855955475804,82,203.020004,0.012166293721479704,90,199.800003,0.016116120879137386,119,195.380005,0.022622570820386656,118,195.539993,-0.0008181855667755977,288,190.130005,0.028454151673745542,308,189.759995,0.0019498841154586,286,190.690002,-0.0048770621964752126,347,191.600006,-0.004749498807427033,380,183.389999,0.04476801922006679,395,182.0,0.007637357142857182,346,186.600006,-0.02465169266929179,381,180.559998,0.03345152894828907,420,173.729996,0.039313890273732666,411,172.039993,0.009823314745194045,423,171.960007,0.0004651430375901544,384,175.779999,-0.021731664704355835,377,180.539993,-0.026365316187865417,377,179.910004,0.0035016896559016963,361,182.550003,-0.014461785574443553,394,183.47999572753906,-0.005068634294062235,378,187.91000366210938,-0.023575157818633175,405,187.8000030517578,0.0005857348149242991,,,
138,DNTH,DIANTHUS THERAPEUTICS INC,Health Care,138,115.07,,206,114.860001,0.0018283040063702405,78,115.959999,-0.009486012499879348,183,109.599998,0.058029207263306626,165,112.410004,-0.02499782848508747,165,108.489998,0.03613241840045012,132,111.800003,-0.029606483999826017,159,108.919998,0.026441471289780916,118,109.919998,-0.009097525638601223,70,112.5,-0.022933351111111056,68,110.400002,0.01902172066989638,150,106.019997,0.041313008148830654,55,106.919998,-0.008417517927750029,76,112.639999,-0.05078125932866884,137,104.089996,0.08214048735288637,158,101.610001,0.02440699710257843,85,104.489998,-0.027562417983776788,71,103.870003,0.0059689514016862955,40,104.790001,-0.008779444519711466,57,102.760002,0.019754758276474105,47,105.720001,-0.02799847684450929,77,101.0,0.0467326831683168,20,105.599998,-0.043560587946223306,57,95.349998,0.10749869129520073,39,99.910004,-0.04564113519603108,19,101.279999,-0.013526807005596497,29,98.639999,0.02676399053896983,79,97.599998,0.010655748169175139,69,100.029999,-0.024292722426199398,71,98.07,0.019985714285714495,99,95.760002,0.024122785628178933,141,93.339996,0.025926784912225553,66,94.339996,-0.010599958049606006,149,90.209999,0.04578203132448766,171,97.480003,-0.07457943964158475,161,95.68,0.018812740384615223,126,95.349998,0.0034609544511998713,192,91.57,0.04127987332095673,208,90.80000305175781,0.00848014289162502,316,87.52999877929688,0.03735866602717541,332,87.37000274658203,0.001831246360378458,,,
139,IDXX,Idexx Laboratories,Health Care,139,556.799988,,183,546.090027,0.019612079456635234,183,550.960022,-0.008839107749273323,121,566.929993,-0.02816921171429365,80,570.580017,-0.006397041416191129,92,586.640015,-0.02737624026550589,65,595.76001,-0.015308169140120675,49,586.669983,0.015494276617864733,40,590.0,-0.005644096610169513,53,584.780029,0.008926383838597118,51,588.090027,-0.005628386553135578,60,567.840027,0.035661452235032476,57,559.070007,0.015686801098596437,58,558.799988,0.00048321225089220654,59,569.77002,-0.019253438431176217,65,569.539978,0.00040390843292126277,91,556.200012,0.02398411670656353,92,544.320007,0.021825405730493408,88,539.36499,0.009177395935789923,97,545.0,-0.01033946788990825,112,552.460022,-0.013503279337739982,81,563.809998,-0.020130852663595267,93,567.440002,-0.0063971591484663914,54,576.070007,-0.014980826800795377,64,557.02002,0.034199824631078846,82,540.679993,0.030221253258024827,78,564.210022,-0.04170437972120955,106,563.570007,0.0011356441827110597,111,558.599976,0.00889729898592062,116,555.669983,0.005272901343673864,90,570.25,-0.025567763261727272,106,564.97998,0.009327799544330828,98,557.799988,0.012871983066446324,136,537.580017,0.03761295130135012,157,526.440002,0.021161034415466018,145,535.929993,-0.01770751987004382,97,551.5,-0.028232106980961125,96,554.940002,-0.006198871927780125,102,549.1599731445312,0.01052521903303405,105,541.3099975585938,0.01450181047644361,125,545.72998046875,-0.00809921052898721,,,
140,PCAR,Paccar,Industrials,140,128.539993,,141,130.839996,-0.017578745569512222,151,130.789993,0.00038231518217157756,116,130.720001,0.0005354345124279902,120,131.059998,-0.002594208798935016,106,132.529999,-0.01109183589445284,100,131.240005,0.009829274236921925,62,133.110001,-0.014048501134035885,51,132.059998,0.007950954232181617,52,133.339996,-0.00959950531271958,48,135.960007,-0.019270453553301037,36,132.059998,0.02953209949314095,44,132.679993,-0.004672859758139913,39,133.759995,-0.008074177933394822,34,133.869995,-0.0008216927176248889,19,138.210007,-0.03140157571947744,36,133.440002,0.0357464398119538,18,132.240005,0.009074387134210937,21,130.75,0.011395831739961837,41,131.110001,-0.0027457935874778405,80,126.25,0.03849505742574255,94,124.330002,0.01544275693006103,97,126.199997,-0.014817710336395673,62,126.669998,-0.00371043662604309,76,123.150002,0.02858299588172164,69,123.940002,-0.00637405185776907,66,124.260002,-0.0025752454116328982,90,124.57,-0.0024885445934011985,105,123.279999,0.010463992622193219,104,122.5,0.006367338775510323,92,124.459999,-0.015748023587883853,81,125.910004,-0.011516201683227645,105,119.5,0.053640200836820195,81,121.239998,-0.014351682849747305,89,120.120003,0.009323967466101424,96,119.599998,0.004347867965683427,80,120.68,-0.00894930394431559,64,121.68,-0.008218277449046685,64,117.02999877929688,0.03973341057620616,71,116.77999877929688,0.0021407775487307656,92,120.12000274658203,-0.02780556041111648,,,
141,HAS,Hasbro,Consumer Discretionary,141,95.790001,,147,95.050003,0.007785354830551761,135,96.699997,-0.017063020177756516,115,96.699997,0.0,103,94.889999,0.01907469721861821,107,97.040001,-0.022155832418014887,126,94.489998,0.026987015070103038,93,93.519997,0.010372123942647304,79,91.690002,0.01995850103700514,91,91.160004,0.0058139312938161325,104,91.510002,-0.003824696670862271,97,91.470001,0.00043731277536562807,87,93.940002,-0.02629338883769672,104,94.529999,-0.006241373175091214,120,95.169998,-0.006724797871699106,108,96.339996,-0.01214446801513247,152,90.610001,0.06323799731555013,113,88.790001,0.020497803575877827,128,87.349998,0.016485438270988917,131,89.040001,-0.018980267082431945,157,88.779999,0.002928610080295213,297,81.589996,0.08812358564155343,320,81.550003,0.0004904107728849194,322,82.089996,-0.006578060985652834,335,80.510002,0.019624816305432446,365,78.419998,0.0266514161349507,351,79.529999,-0.013957010108852086,371,78.959999,0.007218845076226499,377,77.389999,0.020286859029420512,394,75.860001,0.020168705244282936,354,76.730003,-0.01133848515553948,357,77.980003,-0.016029750601574078,332,80.150002,-0.02707422265566506,346,81.459999,-0.01608147576824792,361,82.589996,-0.013682008169609294,327,84.440002,-0.02190911838206744,332,85.330002,-0.010430094681117996,316,84.879997,0.005301661356090559,344,83.27999877929688,0.01921227208468146,366,82.87000274658203,0.004947459697811407,351,84.38999938964844,-0.018011565564777454,,,
142,LFST,LIFESTANCE HEALTH GROUP,Health Care,142,12.385,,146,12.55,-0.013147410358565814,107,12.42,0.01046698872785834,,,,,,,,,,,,,,,,,,,,,,,,,,,,,,,,,,,,,,,,,,,,,,,,,,,,,,,,,,,,,,,,,,,,,,,,,,,,,,,,,,,,,,,,,,,,,,,,,,,,,,,,,,,,,,,,,,,,,
143,NTRA,"Natera, Inc. - Common Stock",,143,314.019989,,198,314.179993,-0.000509274949280436,193,309.929993,0.013712774161873442,198,310.779999,-0.0027350730508237664,161,315.959991,-0.016394455461292923,166,312.720001,0.010360674052313001,137,318.350006,-0.017684953334035747,152,322.100006,-0.011642346880303966,365,265.380005,0.21373125303844964,369,274.576996,-0.03364645753489304,366,275.190002,-0.0022275736601796714,350,270.359985,0.017865132667469252,339,267.76001,0.009710094498427857,330,269.660004,-0.007045887309265142,366,253.820007,0.06240641621288745,368,252.220001,0.0063436919897561506,355,258.029999,-0.022516753953093605,337,261.98999,-0.015115046952748123,183,264.690002,-0.010200657295699522,158,264.220001,0.0017788244577290335,170,267.179993,-0.011078643901304419,165,262.630005,0.0173247074339431,92,271.390015,-0.03227830618602534,43,269.829987,0.005781521977392234,33,277.369995,-0.027183935306340556,52,272.660004,0.017274227722816393,52,272.890015,-0.0008428707074532582,81,269.950012,0.010890916352320756,56,281.850006,-0.04222101737333295,65,274.390015,0.027187545436010208,60,281.269989,-0.024460391328845255,42,283.799988,-0.008914725535506318,51,279.320007,0.01603888331565173,63,276.269989,0.011039990304556602,78,271.450012,0.01775640739334361,51,272.309998,-0.0031581139374837752,44,261.910004,0.03970827322808179,38,260.73999,0.004487282522332103,43,259.9700012207031,0.0029618378929803235,119,234.75999450683594,0.10738629467086169,174,228.8000030517578,0.026048915742365564,,,
144,BKNG,Booking Holdings,Consumer Discretionary,144,210.770004,,218,204.759995,0.02935148049793601,180,212.059998,-0.03442423403210637,148,213.339996,-0.005999803243645019,104,212.259995,0.005088104331671284,101,212.869995,-0.002865598789533408,107,212.880005,-4.702179521287597e-05,68,214.419998,-0.007182133263521351,82,207.389999,0.033897483166485776,123,207.020004,0.0017872427439427074,192,194.270004,0.06563030698244088,200,192.710007,0.008095049262283549,178,192.899994,-0.0009848989419874998,171,193.240005,-0.0017595269675138026,155,201.300003,-0.04003973114694892,176,199.309998,0.009984471526611527,232,186.789993,0.06702717206055042,318,177.460007,0.05257514725557311,256,172.830002,0.026789359176192074,222,177.860001,-0.028280664408632306,250,179.399994,-0.008584130721877137,255,179.449997,-0.00027864586701553673,254,181.679993,-0.012274306945839641,217,184.610001,-0.0158713394947656,147,182.800003,0.009901520625248628,215,174.850006,0.045467524891019906,206,175.800003,-0.005403850874792004,212,178.389999,-0.014518728709673856,218,175.520004,0.016351384084972942,233,174.289993,0.007057266908031767,190,181.949997,-0.042099500556738056,184,181.029999,0.005082019582842712,180,184.559998,-0.019126566093699227,206,182.639999,0.010512478156551097,207,178.240005,0.024685782521157273,189,182.410004,-0.022860582800052986,177,181.460007,0.005235296833202563,157,177.050003,0.0249082401879428,127,181.25,-0.023172397241379317,207,168.94000244140625,0.07286609360878304,213,167.77000427246094,0.0069738211367031955,,,
145,ONC,BeOne Medicines Ltd. - American Depositary Shares,,145,368.265015,,169,362.51001,0.015875437481022825,241,347.480011,0.043254283769433854,147,356.01001,-0.023959997641639474,129,359.049988,-0.008466726365689126,116,359.269989,-0.00061235562873585,103,359.0,0.0007520584958218279,135,348.269989,0.030809462023441814,227,329.799988,0.05600364363870147,255,327.529999,0.006930629276495681,284,323.01001,0.013993340330226811,255,313.769989,0.02944838997970578,198,316.01001,-0.00708844950829246,173,322.079987,-0.018846178728888274,160,327.209991,-0.015678017606742256,89,330.459991,-0.009834776034960302,78,325.899994,0.013992013144989546,74,325.899994,0.0,67,326.769989,-0.0026624078993986444,77,319.929993,0.021379664769348494,85,318.684998,0.003906663344096284,88,310.575012,0.02611280910133229,82,312.019989,-0.004631039840207185,38,317.420013,-0.017012235457251945,60,311.26001,0.019790537820775445,71,306.559998,0.015331458868289793,108,303.959991,0.008553780355915253,139,298.700012,0.0176095707689492,150,302.829987,-0.013637932758620797,145,301.880005,0.0031468861278176607,152,308.959991,-0.02291554313257349,162,309.459991,-0.0016157177487928776,,,,,,,,,,295,289.98999,-0.017310904421217965,359,279.890015,0.03608551380441338,374,275.339996,0.016525092852837986,398,277.1199951171875,-0.006423206669010084,399,276.1300048828125,0.0035852315288953385,421,271.79998779296875,0.015930894743085844,,,
146,NFLX,Netflix,Communication Services,146,78.735001,,240,76.019997,0.03571433974142346,297,78.160004,-0.02737982203788014,262,78.239998,-0.0010224182265444748,326,74.209999,0.05430533693983741,316,74.790001,-0.007755074104090598,277,76.290001,-0.019661816494143225,330,74.139999,0.028999218087391698,336,73.690002,0.006106622171078158,331,74.199997,-0.006873248256330622,323,73.57,0.008563232295772716,326,73.330002,0.0032728486765893905,282,71.709999,0.022591033643718283,225,73.169998,-0.01995351974726045,254,73.629997,-0.006247440156761042,297,72.389999,0.01712941037614879,288,70.400002,0.02826700203786925,272,70.089996,0.004422970718959585,275,68.889999,0.01741903059107308,283,68.529999,0.0052531738691548036,340,68.669998,-0.002038721480667638,352,67.599998,0.01582840283515985,353,68.949997,-0.019579391714839356,358,74.349998,-0.07262947068270265,370,73.68,0.009093349619978097,389,73.529999,0.0020399973077656064,406,73.830002,-0.004063429390127715,411,73.370003,0.006269578590585523,394,75.470001,-0.027825599207292995,385,75.589996,-0.0015874455132925958,340,76.18,-0.007744867419270274,352,76.019997,0.0021047488333891806,342,77.650002,-0.020991692955783736,414,74.190002,0.046637011817306506,435,71.400002,0.03907562915754559,416,73.779999,-0.03225802429192226,415,73.809998,-0.00040643545336482845,436,70.900002,0.04104366597902209,433,71.83999633789062,-0.013084549726311234,436,72.81999969482422,-0.013457896182367368,441,72.87999725341797,-0.0008232300009564097,,,
147,VTRS,Viatris,Health Care,147,16.365,,178,16.23,0.008317929759704024,168,16.23,0.0,142,16.040001,0.011845323451039613,110,16.1,-0.0037266459627329773,108,16.280001,-0.0110565718024217,99,16.280001,0.0,89,16.43,-0.009129580036518647,93,16.290001,0.008594167673777298,63,17.65,-0.0770537677053823,56,17.700001,-0.00282491509463767,45,17.629999,0.003970618489541611,41,17.559999,0.003986332801044101,36,17.76,-0.011261317567567541,44,17.82,-0.0033670033670032407,30,17.860001,-0.0022396975229732607,33,17.635,0.012471769414499345,32,17.24,0.022911832946636013,26,17.280001,-0.0023148725512226465,28,17.01,0.015873074661963305,30,17.59,-0.032973280272882266,59,16.99,0.035314891112419255,56,17.290001,-0.017351126816013585,151,17.33,-0.00230807847663006,219,16.68,0.03896882494004794,238,16.309999,0.022685531740375797,210,16.389999,-0.004881025313058229,244,16.27,0.0073754763368161225,237,16.34,-0.004283965728274164,191,16.66,-0.019207683073229287,172,16.959999,-0.017688621325980036,171,16.799999,0.009523810090702911,190,16.700001,0.005987903833059693,236,16.18,0.03213850432632892,295,15.88,0.018891687657430767,263,16.23,-0.02156500308071474,246,16.33,-0.006123698714023185,248,16.07,0.01617921593030469,288,15.930000305175781,0.00878844946641566,292,15.75,0.011428571428571344,346,15.380000114440918,0.024057217165149414,,,
148,ARGX,argenx SE - American Depositary Shares,,148,1004.51001,,197,987.840027,0.016875184791433906,392,851.289978,0.1604036844422947,382,856.940002,-0.006593255054978764,345,876.0,-0.021757988584474863,373,864.73999,0.013021266658432173,359,866.109985,-0.0015817794780417227,382,865.039978,0.0012369451438232204,383,875.299988,-0.011721707004067716,395,867.940002,0.008479832687789735,408,844.5,0.02775607104795741,405,830.789978,0.01650239213646354,353,853.820007,-0.026972932012824136,349,872.580017,-0.021499472408843867,324,882.559998,-0.01130799155028095,334,872.22998,0.011843227402020817,326,888.820007,-0.01866522678308713,207,918.219971,-0.032018432323990376,201,924.599976,-0.006900286789538024,372,851.719971,0.08556803583510186,341,874.73999,-0.026316413177817632,365,846.190002,0.03373945323452299,341,860.549988,-0.01668698646242961,317,857.969971,0.0030071180661404018,325,862.929993,-0.005747884579554774,339,859.429993,0.004072466668032515,268,876.25,-0.01919544308131249,307,877.619995,-0.0015610343973533336,276,909.48999,-0.03504161161795749,257,915.299988,-0.006347643478828435,185,919.940002,-0.005043822412235999,165,916.799988,0.003424971685318301,130,939.679993,-0.024348719958327325,201,909.5,0.0331830599230345,165,927.77002,-0.01969240178724474,168,912.460022,0.016778815105172873,157,887.179993,0.028494814129560675,138,888.650024,-0.0016542294044883388,193,852.5,0.042404720234604065,224,853.4000244140625,-0.0010546332021195148,172,903.75,-0.05571228326417699,,,
149,CLMT,CALUMET,Energy,149,49.57,,166,48.349998,0.02523272079556249,106,47.720001,0.013201948591744506,67,48.790001,-0.02193072305942345,67,47.189999,0.03390553155129328,,,,,,,,,,,,,,,,,,,,,,,,,,,,,,,,,,,,,,,,,,,,,,,,,,,,,,,,,,,,,,,,,,,,,,,,,,,,,,,,,,,,,,,,,,,,,,,,,,,,,,,,,,,,,,,
150,CBRS,Cerebras Systems Inc. - Class A Common Stock,,150,221.190002,,38,251.979996,-0.1221922156074644,251,218.979996,0.15069869669739155,206,231.009995,-0.05207566451832535,137,262.059998,-0.11848432892073824,377,234.759995,0.11628899123123593,409,230.009995,0.020651276480398106,328,226.729996,0.014466541956803969,307,211.300003,0.07302410213406385,242,214.300003,-0.013999066532910831,267,227.149994,-0.05657050996884461,358,219.970001,0.03264078268563542,436,198.710007,0.10699005209133738,417,203.070007,-0.021470428176032952,440,169.389999,0.1988311482308942,373,192.720001,-0.12105646471016784,333,188.610001,0.021790997180472838,349,199.119995,-0.05278221305700603,427,220.0,-0.09490911363636367,421,209.800003,0.048617716178011694,445,208.570007,0.005897281290305534,461,176.880005,0.17916101935885842,465,172.860001,0.02325583695906608,438,180.460007,-0.0421146276471106,454,184.009995,-0.019292365069625728,449,203.809998,-0.09714932139884525,469,204.619995,-0.003958542761180239,446,215.080002,-0.04863309885965139,474,198.529999,0.08336273149328943,461,181.720001,0.09250494115944896,458,176.610001,0.028933808793761173,448,192.009995,-0.0802041268737077,454,204.860001,-0.0627257929184527,400,221.270004,-0.07416279976204998,461,221.0,0.0012217375565610755,465,216.160004,0.0223908026944708,499,181.589996,0.1903739675174616,508,168.520004,0.07755751062051974,498,182.25999450683594,-0.07538676273967859,489,226.72000122070312,-0.1961009430306062,493,224.42999267578125,0.010203662930203805,,,
151,HLNE,Hamilton Lane Incorporated - Class A Common Stock,,151,101.794998,,188,100.839996,0.009470468443890212,150,104.239998,-0.03261705741782539,111,107.190002,-0.027521260798185287,98,103.290001,0.037757778703090494,77,104.839996,-0.014784386294711349,111,100.360001,0.04463924825987209,77,101.029999,-0.006631673825909901,74,98.440002,0.026310411899422625,65,100.809998,-0.023509533250858583,80,101.610001,-0.007873270269921573,98,94.910004,0.0705931589677311,150,88.910004,0.06748396952046032,172,88.949997,-0.0004496121568166034,123,88.690002,0.0029315029218286437,162,89.519997,-0.009271615592212235,168,87.709999,0.020636164868728546,,,,,,,,,,,,,,,,,,,,,,,,,,,,,,,292,81.089996,-0.0003699346587711094,309,80.610001,0.005954534103032705,335,78.959999,0.02089668212888407,317,80.610001,-0.020468949007952486,283,82.459999,-0.022435096076098615,330,79.760002,0.033851516202318965,394,78.660004,0.013984209815194104,376,78.830002,-0.0021565139627929275,392,75.0,0.051066693333333246,413,77.769997,-0.03561781029771682,433,76.220001,0.020335817103964704,,,,434,75.62999725341797,-0.024328918061440663,379,79.51000213623047,-0.04879895487865782,,,
152,ULTA,Ulta Beauty,Consumer Discretionary,152,522.590027,,232,493.329987,0.05931129420681236,170,510.75,-0.03410673127753305,132,515.570007,-0.009348889451592957,112,531.890015,-0.030683050141484425,109,541.349976,-0.01747476017252103,84,548.659973,-0.013323364852059427,40,565.150024,-0.029178183313675277,49,538.789978,0.048924529178974385,41,539.469971,-0.0012604835052069108,42,543.859985,-0.008071956240722655,48,534.409973,0.01768307568616434,68,512.830017,0.04208013432255875,68,516.72998,-0.007547390612017479,95,508.089996,0.017004829986851266,180,501.519989,0.013100189711481303,218,480.51001,0.04372433157011657,183,475.359985,0.010833947245265207,133,477.954987,-0.0054397984119135545,147,483.519989,-0.011509352512001358,125,489.470001,-0.01215602996678855,124,488.079987,0.0028479225475803727,164,479.570007,0.017745021322820298,267,478.859985,0.0014827340396796895,303,466.140015,0.027287874009271684,324,469.119995,-0.006352276670705592,316,473.329987,-0.008894412176763233,342,469.200012,0.008802163031487842,340,460.23999,0.01946815182227013,349,455.109985,0.011272011533651538,315,453.779999,0.002930904850215743,338,452.48999,0.0028509116853612237,359,461.329987,-0.019161982201690297,390,454.779999,0.014402541920054857,402,450.980011,0.008426067469318399,395,459.119995,-0.017729534955235438,322,488.450012,-0.060047121055245234,337,485.519989,0.006034814356530971,359,478.92999267578125,0.013759831491697794,388,459.3299865722656,0.042670860938151645,368,465.05999755859375,-0.012321014545740416,,,
153,LGND,LIGAND PHARMACEUTICALS,Health Care,153,288.25,,184,291.769989,-0.01206425997431837,145,294.595001,-0.00960630326667411,155,288.820007,0.01999513143145948,145,293.269989,-0.015173669884101404,202,288.75,0.015653641558441622,193,295.700012,-0.02350359052403428,211,293.149994,0.00869868003476748,152,300.140015,-0.023289200541953825,157,302.570007,-0.008031172765911254,159,300.790009,0.005917743098973638,160,292.040009,0.029961648165816923,142,287.540009,0.015649996032378155,130,296.290009,-0.029531876655348177,159,288.01001,0.028748997300475754,104,296.279999,-0.027912748170354718,86,297.5,-0.004100843697479095,41,300.529999,-0.010082184840389141,34,302.149994,-0.005361558934864674,20,304.26001,-0.006934910703513153,38,305.470001,-0.003961079634788756,38,293.98999,0.03904898598758422,26,303.390015,-0.03098330378473413,51,296.450012,0.023410365050010595,59,296.26001,0.0006413352919281134,49,300.970001,-0.015649370317143307,40,309.25,-0.026774451091350016,29,316.23999,-0.02210343479962784,27,322.609985,-0.019745188605988173,32,314.880005,0.02454897064677075,13,319.429993,-0.01424408508815278,11,320.420013,-0.00308975706832626,15,319.549988,0.0027226569634544173,12,312.01001,0.024165820833760954,14,316.089996,-0.01290767202894949,12,314.040009,0.006527789266494333,16,303.589996,0.03442146690498982,14,295.920013,0.025919108755919185,15,284.9100036621094,0.03864381329340749,10,279.44000244140625,0.01957487103081257,75,262.1700134277344,0.06587324310046094,,,
154,WAY,WAYSTAR HOLDING,Health Care,154,24.530001,,170,24.68,-0.006077755267423046,200,24.780001,-0.004035552702358558,140,25.08,-0.01196168261563002,134,24.540001,0.02200484832906069,179,24.299999,0.009876625920848925,140,24.700001,-0.016194412299821437,170,24.23,0.019397482459760695,188,23.370001,0.03679927099703595,218,23.379999,-0.0004276304716694934,187,23.77,-0.01640727808161535,288,22.66,0.04898499558693725,261,21.110001,0.07342486625178268,,,,38,24.52,-0.14600322185970638,,,,,,,,,,,,,,,,,,,,,,,,,,,,46,22.965,0.02115464869305228,,,,,,,75,22.719999,0.026749933125278513,,,,,,,69,23.809999,-0.04577908634099481,,,,,,,,,,,,,,,,,,,,,,,,,,,,,,,,,
155,ADI,Analog Devices,Information Technology,155,372.945007,,128,390.279999,-0.04441680855902641,157,389.390015,0.0022855850579526216,195,381.170013,0.0215651854019272,186,384.429993,-0.008480035531462926,162,385.299988,-0.0022579678876085696,183,383.924988,0.0035683458572615123,134,389.929993,-0.015400213135182028,142,377.309998,0.03344728490338067,120,377.690002,-0.0010061267123506745,132,380.290009,-0.006836905883583211,125,361.880005,0.050873227991693026,127,367.410004,-0.015051302195897787,160,366.670013,0.002018138854458229,190,353.369995,0.037637655115567936,156,365.829987,-0.034059515192230494,228,371.890015,-0.016295215670149132,195,371.859985,8.07562018270147e-05,165,380.200012,-0.021935893573827747,259,386.730011,-0.016885162294787537,256,382.809998,0.010240100886811154,240,372.459991,0.027788238334570448,223,375.359985,-0.007725900777622807,88,380.529999,-0.013586350651949464,67,390.959991,-0.02667790116661839,65,392.75,-0.00455762953532779,67,386.01001,0.01746066118855305,65,395.649994,-0.02436492896800091,89,393.640015,0.005106134852677524,89,385.399994,0.02138043883830476,118,379.029999,0.01680604442077427,130,388.829987,-0.025203786558776975,112,377.160004,0.030941729971982967,69,388.980011,-0.030387183571754184,70,397.170013,-0.020620897177350606,77,391.779999,0.013757756939501098,76,386.910004,0.012586893462697812,46,417.929993,-0.07422293092039467,35,413.1600036621094,0.011545137365232438,29,407.260009765625,0.014487044775154834,42,445.4800109863281,-0.08579509754928138,,,
156,NTNX,"Nutanix, Inc. - Class A Common Stock",,156,66.059998,,180,65.660004,0.006091897283466485,174,66.605003,-0.014188108361769647,124,67.949997,-0.01979387872526317,202,64.650002,0.05104400460807401,190,64.32,0.005130628109452751,176,64.459999,-0.00217187406409991,221,62.669998,0.028562327383511166,233,60.119999,0.042415153732787036,199,60.959999,-0.013779527785097279,154,61.5,-0.008780504065040606,110,61.060001,0.0072060103634783435,146,59.009998,0.03473992661379177,136,59.259998,-0.00421869740866343,147,59.57,-0.005203995299647435,117,59.049999,0.008806113612296551,102,56.849998,0.03869834788736504,141,55.040001,0.032885119315314126,215,52.630001,0.04579137287115009,170,53.360001,-0.013680659413780716,169,54.189999,-0.01531644243064123,141,55.110001,-0.016693920945492158,187,55.080002,0.0005446441341814268,109,55.849998,-0.013786858148141734,141,54.59,0.023081113757098315,112,55.470001,-0.015864448965847378,147,55.220001,0.004527345082808054,169,54.790001,0.007848147328926025,222,55.529999,-0.01332609424322162,278,53.93,0.02966806972000735,300,53.759998,0.003162239700976066,310,52.419998,0.025562763279769696,348,51.279999,0.022230870168308714,368,51.200001,0.0015624609069830875,330,50.959999,0.004709615477033191,242,51.060001,-0.0019585193505968768,207,49.720001,0.02695092463895965,291,46.939999,0.05922458583776291,283,47.5,-0.011789494736842099,203,47.88999938964844,-0.008143641848896377,276,46.61000061035156,0.02746187454490734,,,
157,MDLZ,Mondelez International,Consumer Staples,157,62.82,,195,62.18,0.010292698616918727,171,63.610001,-0.022480757389077843,125,63.529999,0.001259279100570998,140,62.18,0.021711145062720982,159,61.779999,0.006474603536332335,151,61.529999,0.004063058736601066,98,62.610001,-0.017249672300755914,99,62.75,-0.0022310597609562777,100,62.599998,0.0023961981596229975,84,62.080002,0.00837622395695159,90,61.73,0.005669884982990592,63,62.310001,-0.009308313122960876,52,63.080002,-0.012206737089196729,58,64.989998,-0.029389076146763338,101,62.48,0.04017282330345706,157,60.669998,0.02983355957915146,145,60.52,0.002478486450760098,141,60.049999,0.007826827773968814,109,60.860001,-0.013309266951868737,140,59.860001,0.016705646229441262,147,60.27,-0.006802704496432832,153,61.0,-0.011967213114754016,218,61.419998,-0.006838131124654256,314,58.720001,0.04598087455754629,322,58.799999,-0.0013605102272195024,338,59.860001,-0.017708018414500093,329,58.830002,0.017508056518509063,324,58.299999,0.009090960704819295,283,59.48,-0.019838618022864796,242,60.220001,-0.0122882927218817,278,59.169998,0.017745530429120526,239,60.91,-0.02856677064521418,260,59.349998,0.02628478605845941,298,57.84,0.02610646611341627,275,60.150002,-0.0384040219982037,245,60.790001,-0.010528030752952167,201,61.200001,-0.0066993462957624095,199,61.7400016784668,-0.008746371598756908,212,61.060001373291016,0.01113660315858822,277,59.5099983215332,0.026046093968949524,,,
158,DLTR,Dollar Tree,Consumer Staples,158,132.279999,,192,129.539993,0.02115181525445964,227,129.389999,0.0011592395174222503,192,129.529999,-0.0010808307039361642,174,128.610001,0.007153393926184526,196,128.059998,0.004294885277134064,167,129.369995,-0.010125972409599115,110,130.899994,-0.011688304584643427,131,129.679993,0.009407781198754295,132,128.759995,0.0071450608552756645,110,130.710007,-0.014918612926093644,113,129.350006,0.010514116249828342,103,127.209999,0.016822632000806914,88,128.570007,-0.01057795695694419,106,128.949997,-0.002946801154248946,122,126.760002,0.017276703734984133,93,125.540001,0.00971802604972094,127,120.449997,0.042258232683891395,105,117.650002,0.023799362111357913,80,122.150002,-0.03683995027687348,59,125.739998,-0.02855094685145454,41,126.379997,-0.0050640846272531626,57,125.940002,0.003493687414742208,73,128.449997,-0.019540638837072022,107,127.029999,0.011178446124367802,138,124.559998,0.019829809245822227,102,126.379997,-0.014401005247689724,123,124.910004,0.011768416883566779,130,120.919998,0.03299707299035837,117,123.610001,-0.02176201746005968,115,122.650002,0.007827142147131871,152,121.459999,0.009797488965894052,108,124.050003,-0.02087870969257455,130,121.150002,0.02393727570883586,180,120.949997,0.0016536172382046743,149,122.620003,-0.013619360293116278,43,123.870003,-0.010091224426627354,42,118.209999,0.04788092418476375,50,119.3499984741211,-0.009551730365341182,84,113.41000366210938,0.052376278903931706,93,113.93000030517578,-0.004564170982182092,,,
159,EVRG,Evergy,Utilities,159,83.849998,,176,83.93,-0.0009531990944835478,177,84.029999,-0.001190039285850708,160,83.489998,0.006467852592354939,172,83.32,0.0020403024483919285,186,82.029999,0.01572596630166956,177,82.089996,-0.0007308685945117688,137,83.379997,-0.015471348601751589,140,83.019997,0.0043363046616347045,156,83.059998,-0.0004815916321113667,134,83.839996,-0.009303411703407094,143,83.230003,0.007329003700744741,124,83.010002,0.002650295081308318,135,83.25,-0.002882858858858861,145,84.0,-0.008928571428571397,119,85.660004,-0.01937898578664554,114,85.839996,-0.002096831411781519,78,87.18,-0.015370543702684203,78,86.650002,0.006116537654552001,68,86.559998,0.0010397874547085628,89,84.919998,0.019312294378527772,97,85.160004,-0.002818294841789748,90,85.589996,-0.005023858162115147,169,86.559998,-0.011206123179439031,175,85.419998,0.013345820963376553,136,86.449997,-0.0119143902341603,164,86.449997,0.0,165,85.709999,0.008633741787816396,198,85.279999,0.005042213942802576,209,85.910004,-0.007333313591744162,173,87.120003,-0.0138888769322012,181,86.269997,0.009852857651078795,163,88.129997,-0.021105186239822493,170,86.190002,0.022508353115016755,186,86.43,-0.0027767904662733267,185,87.010002,-0.006665923303851851,187,87.209999,-0.0022932806133846295,190,86.660004,0.006346584059700566,202,85.81999969482422,0.009787974831041879,220,84.83999633789062,0.011551202807694505,256,83.25,0.01909905105105114,,,
160,WMT,Walmart,Consumer Staples,160,115.470001,,221,114.330002,0.009971127263690649,214,115.269997,-0.008154723904434613,169,115.720001,-0.0038887313870659135,169,116.010002,-0.0024997930781864852,205,113.260002,0.02428041631148825,190,112.660004,0.005325740979025717,165,111.849998,0.007241895525112119,165,112.07,-0.001963076648523243,139,112.339996,-0.0024033826741457487,135,111.550003,0.007081963054720752,132,110.709999,0.007587426678596687,99,111.199997,-0.004406456953411575,148,111.099998,0.0009000810243038337,146,114.220001,-0.02731573255720776,165,113.099998,0.009902767637537835,179,111.739998,0.012171111726706929,209,109.470001,0.020736247184285794,226,108.400002,0.00987083930127608,210,109.330002,-0.008506356745516142,211,110.389999,-0.009602291961249176,209,112.199997,-0.016131889914399844,212,114.239998,-0.017857151923269532,298,114.949997,-0.006176589982860081,328,112.529999,0.021505358762155424,307,113.699997,-0.01029022014837866,315,114.779999,-0.009409322263541853,294,113.900002,0.007726049030271298,329,112.209999,0.015061073122369484,279,113.099998,-0.007869133649321625,278,111.540001,0.01398598696444342,297,110.650002,0.008043370844222908,248,111.839996,-0.010640147018603274,288,108.82,0.02775221466642175,278,113.260002,-0.039201853448669444,285,114.599998,-0.011692809977186913,267,115.690002,-0.009421764898923657,262,115.779999,-0.0007773104230204275,253,119.0,-0.02705883193277303,254,119.41999816894531,-0.003516982138954683,377,117.18000030517578,0.01911587301587292,,,
161,LRCX,Lam Research,Information Technology,161,324.554993,,130,343.839996,-0.05608714292795647,212,332.359985,0.034540893964717156,230,337.01001,-0.013797883926355836,296,326.109985,0.033424382881131365,290,311.410004,0.04720458819942075,346,306.399994,0.016351207891994957,334,311.350006,-0.015898544739388898,283,305.769989,0.01824906694816275,238,307.420013,-0.005367327858385007,255,317.73999,-0.03247931429720252,320,294.609985,0.07851059426923346,364,293.019989,0.005426237320621752,402,297.720001,-0.015786685423261226,413,252.350006,0.17978995015359733,410,269.609985,-0.06401832261516571,411,291.609985,-0.0754432328508916,369,305.209991,-0.04455950460678071,332,319.779999,-0.04556259942949081,380,319.290009,0.0015346236530688895,359,322.0,-0.008416121118012376,390,306.76001,0.04968049779369865,376,313.299988,-0.020874491702821185,326,320.959991,-0.023865912309300907,203,335.429993,-0.04313866470491812,92,346.100006,-0.03082927713095729,109,329.920013,0.04904216889685942,39,350.329987,-0.05825928341098596,59,353.170013,-0.008041526447490233,76,333.149994,0.06009310929178646,138,326.130005,0.02152512462016487,74,350.200012,-0.06873217068878923,63,351.410004,-0.0034432485877664565,3,391.26001,-0.10185044466977344,4,433.329987,-0.0970853120303442,3,410.910004,0.054561784287928905,20,379.089996,0.08393787315875256,5,401.820007,-0.0565676437310898,5,374.79998779296875,0.0720918352857578,5,371.3299865722656,0.009344790675362091,5,409.5400085449219,-0.09329985144381825,,,
162,INSM,Insmed Incorporated - Common Stock,,162,128.470001,,187,128.320007,0.0011689057965840188,231,123.739998,0.03701316529841869,200,126.330002,-0.02050189154592108,114,132.279999,-0.04498032238418759,100,132.570007,-0.0021875838024206784,138,134.75,-0.016178055658627066,173,131.100006,0.02784129544585978,139,132.550003,-0.010939245320122692,428,99.019997,0.33861853176990087,426,98.75,0.002734146835443152,409,98.449997,0.0030472626626896204,372,98.599998,-0.0015213083472882527,352,101.489998,-0.02847571245395042,336,103.120003,-0.015806875025013323,341,104.129997,-0.009699356852953755,349,104.730003,-0.0057290745995681736,309,106.919998,-0.020482557435139603,283,107.410004,-0.0045620145400980805,255,106.639999,0.0072206020932163995,198,108.620003,-0.018228723488435072,273,107.019997,0.0149505330298223,195,108.32,-0.012001504800590701,163,107.459999,0.00800298723248627,134,109.809998,-0.02140059232129299,113,110.110001,-0.002724575399831286,100,109.139999,0.008887685622940067,115,115.610001,-0.05596403376901615,92,118.260002,-0.022408261078838865,98,116.529999,0.014845988284956535,221,112.839996,0.03270119754346679,239,111.540001,0.011654966723552374,229,111.599998,-0.0005376075365162158,293,107.0,0.042990635514018605,308,106.620003,0.003564031038340909,326,104.739998,0.017949255641574346,309,103.379997,0.013155359251945109,253,104.470001,-0.010433655495035277,249,103.45999908447266,0.009762246373112848,294,102.1500015258789,0.012824248402853566,337,98.6050033569336,0.03589900582193484,,,
163,DIOD,DIODES,Information Technology,163,99.800003,,97,107.559998,-0.07214573395585211,173,103.480003,0.03942785931306947,,,,,,,,,,,,,,,,,,,,,,,,,,,,,,,,,,,,,,,,,,,,,,,,,,,,,,,,,,,,,,,,,,,,,,,,,,,,,,,,,,,,,446,98.830002,-0.062167135007856866,430,96.25,0.014441548051948194,308,105.389999,-0.0867254871119223,301,109.440002,-0.037006605683358895,385,103.910004,0.0532191106450155,,,,,,,,,,,,,,,,,,
164,FISV,Fiserv,Financials,164,52.91,,163,52.209999,0.01340741262990619,132,54.389999,-0.04008089796067105,86,55.5,-0.020000018018017984,119,51.560001,0.07641580534492243,130,52.720001,-0.02200303448400931,114,52.220001,0.009574875343261624,103,52.41,-0.003625243274184231,57,54.110001,-0.03141750080544259,99,54.110001,0.0,77,55.779999,-0.02993901093472595,91,54.349998,0.02631096692956625,78,53.939999,0.007601019792380814,64,54.07,-0.002404309228777546,53,55.630001,-0.02804244062479888,67,54.209999,0.02619446644889245,68,52.310001,0.03632188804584424,88,51.02,0.025284221873774992,93,49.970001,0.02101258713202747,90,50.220001,-0.00497809627682011,107,50.610001,-0.007705986806836762,112,51.68,-0.02070431501547998,134,50.630001,0.02073867231406923,171,51.720001,-0.02107501892739727,354,50.360001,0.027005559431978687,362,49.540001,0.016552280650943052,344,51.18,-0.032043747557639723,376,50.450001,0.014469751943116949,330,51.650002,-0.023233319526299367,373,50.599998,0.020751068013876273,337,52.709999,-0.04003037450256841,354,51.779999,0.017960602896110567,344,52.330002,-0.0105102805079198,416,50.73,0.031539562389119036,413,49.049999,0.03425078561163675,399,48.830002,0.0045053653694300255,392,49.450001,-0.012537896611973798,417,47.529999,0.04039558258774645,426,48.189998626708984,-0.013695787791985659,422,47.29999923706055,0.018816068051079604,409,47.18000030517578,0.0025434294192454576,,,
165,CHTR,Charter Communications,Communication Services,165,149.604996,,266,144.100006,0.03820256607067729,178,154.270004,-0.06592336641152863,137,156.529999,-0.014438095026117037,148,150.220001,0.04200504565300878,129,157.690002,-0.0473714306884212,152,153.289993,0.02870382413025485,154,152.570007,0.004719053332677747,105,157.440002,-0.03093238654811492,163,153.169998,0.02787754818668864,140,153.070007,0.0006532370512009056,192,144.100006,0.06224844293205645,190,144.979996,-0.006069733923844134,224,142.0,0.020985887323943686,217,145.199997,-0.022038547287297816,173,139.970001,0.03736512083042709,222,131.610001,0.06352100855922016,312,123.309998,0.06731005704825344,317,126.5,-0.025217407114624613,268,129.220001,-0.02104938073789364,303,127.790001,0.011190233890052026,331,129.160004,-0.010607021969432417,399,131.369995,-0.016822646602064673,397,133.330002,-0.014700419789988595,423,131.240005,0.015924999393287287,422,127.910004,0.026033937110970573,420,131.369995,-0.026337756958885405,419,130.729996,0.004895578823393976,382,134.350006,-0.02694462105197082,381,133.539993,0.006065695989664999,297,138.020004,-0.03245914266166805,294,135.440002,0.019049039884095675,352,137.199997,-0.012827952175538337,295,139.839996,-0.018878711924448455,297,142.210007,-0.016665571221018083,287,146.169998,-0.027091681290164593,394,133.639999,0.0937593467057718,348,129.649994,0.030775203892412062,349,131.4199981689453,-0.013468300311494485,364,131.75,-0.0025047590132828423,404,125.54000091552734,0.04946629720036411,,,
166,STEP,STEPSTONE GROUP CLASS A,Financials,166,48.470001,,226,48.279999,0.003935418474221741,156,50.400002,-0.04206354991811323,119,51.959999,-0.03002303752931179,158,48.099998,0.08024950437627876,113,49.509998,-0.028479096282734706,180,46.150002,0.07280597734318639,168,46.41,-0.005602197802197728,,,,,,,,,,,,,,,,,,,,,,,,,,,,,,,,,,,,,,,,,,,,,,355,44.169998,0.005541399087014565,260,46.009998,-0.0328271110501811,,,,296,42.810001,0.014248936831372738,291,42.959999,-0.0034915736380720652,258,43.68,-0.016483539377289302,313,42.509998,0.027522984122464456,368,42.880001,-0.008628801104738737,311,43.950001,-0.024345847000094456,,,,,,,,,,,,,,,,,,,,,,,,,,,,,,
167,FRSH,FRESHWORKS CLASS A,Information Technology,167,12.8,,219,12.33,0.03811841038118424,179,12.66,-0.026066350710900466,141,12.68,-0.001577287066246047,222,11.645,0.08887934735938163,226,11.97,-0.027151211361737815,168,11.98,-0.0008347245409014992,176,11.84,0.011824324324324342,163,11.59,0.021570319240724833,192,11.52,0.0060763888888888395,114,12.04,-0.04318936877076407,127,11.77,0.022939677145284554,160,11.355,0.036547776309995506,147,11.26,0.008436944937833202,131,11.61,-0.030146425495262696,125,11.18,0.03846153846153855,83,10.82,0.03327171903881698,138,10.27,0.05355404089581306,180,9.77,0.05117707267144311,120,10.06,-0.02882703777335993,72,10.69,-0.05893358278765193,65,11.05,-0.0325791855203621,121,10.89,0.01469237832874204,82,10.95,-0.005479452054794387,109,10.61,0.03204524033930256,87,10.47,0.013371537726838412,90,10.83,-0.0332409972299168,129,10.36,0.04536679536679533,137,10.4,-0.0038461538461539435,154,10.17,0.022615535889872307,154,10.38,-0.020231213872832443,157,10.17,0.0206489675516226,178,10.34,-0.01644100580270791,220,10.41,-0.00672430355427478,150,10.12,0.028656126482213606,80,10.21,-0.008814887365328317,104,9.85,0.03654822335025387,176,9.17,0.07415485278080691,158,9.369999885559082,-0.021344717182497308,192,9.1899995803833,0.019586507072905324,270,8.930000305175781,0.02911534154535267,,,
168,CSGP,CoStar Group,Real Estate,168,32.029999,,217,31.35,0.021690558213715905,187,32.380001,-0.031809789011433276,96,33.049999,-0.020272254773744502,142,30.5,0.08360652459016382,158,31.120001,-0.019922910670857608,141,31.48,-0.01143580050825932,194,30.24,0.041005291005291156,223,29.58,0.022312373225152227,198,30.209999,-0.020853989435749454,144,29.815001,0.01307843729040914,152,30.030001,-0.007159506921095349,241,28.76,0.04415858831710695,186,29.459999,-0.02376099876989124,220,29.83,-0.012403654039557455,193,30.33,-0.01648532805802838,180,29.17,0.03976688378471027,279,27.66,0.05459146782357194,326,27.139999,0.019159949121589914,274,27.690001,-0.01986283785255183,287,28.5,-0.028421017543859728,226,29.68,-0.03975741239892183,275,29.780001,-0.0033579918281398946,321,30.370001,-0.01942706554405449,393,28.49,0.06598810108810116,415,27.68,0.029263005780346685,441,28.77,-0.03788668752172397,442,28.389999,0.013385030411589671,427,29.190001,-0.02740671368938974,426,29.34,-0.005112440354464898,389,29.870001,-0.017743588291141976,408,28.700001,0.04076654910221067,390,30.0,-0.04333330000000002,424,29.360001,0.02179833032022027,423,28.32,0.036723199152542296,388,29.32,-0.034106412005457054,362,30.25,-0.03074380165289259,393,28.639999,0.05621512067790224,407,29.809999465942383,-0.0392485756205494,400,30.260000228881836,-0.014871150033046954,436,29.219999313354492,0.035592095673925295,,,
169,ORLY,O'Reilly Automotive,Consumer Discretionary,169,91.764999,,233,90.230003,0.017012035342612197,226,91.050003,-0.009006040340273302,138,92.580002,-0.016526236411185113,178,92.050003,0.005757729307189541,184,92.57,-0.005617338230528124,173,92.230003,0.0036864034364174625,122,93.529999,-0.013899241033884846,116,93.370003,0.0017135696140011536,118,93.440002,-0.0007491331175272231,109,91.830002,0.017532396438366682,168,89.760002,0.023061496812355253,172,89.349998,0.004588741009261099,209,87.360001,0.02277926942789299,164,90.629997,-0.03608072501646453,151,91.169998,-0.005923012085620627,131,90.589996,0.006402495039297795,168,87.400002,0.036498786350142254,188,86.110001,0.014980849901511384,160,86.529999,-0.004853784870608946,152,87.970001,-0.01636923932739287,238,84.529999,0.040695635167344424,236,86.050003,-0.017664194619493534,310,86.25,-0.0023188057971014198,371,82.730003,0.042548010061114194,343,85.75,-0.035218623906705604,339,87.279999,-0.017529777927701384,311,86.279999,0.011590171668870886,318,85.120003,0.013627772076088895,331,84.980003,0.001647446399831276,272,86.650002,-0.019272925117762907,314,84.239998,0.02860878510467213,202,90.25,-0.06659281994459831,186,92.690002,-0.026324327838508466,198,92.089996,0.006515430840066561,252,90.160004,0.021406298961566206,249,89.550003,0.006811847901333934,298,86.900002,0.030494832439704744,312,87.81999969482422,-0.010475950808471746,326,87.54000091552734,0.003198526351398945,366,85.62999725341797,0.022305314339786886,,,
170,SHOP,Shopify Inc. - Class A Subordinate Voting Shares,,170,147.660004,,152,148.649994,-0.006659872451794446,118,154.320007,-0.03674191772166013,77,158.529999,-0.026556437434910984,133,150.410004,0.053985737544425705,81,152.610001,-0.014415811451308658,50,155.179993,-0.016561361747193692,53,151.570007,0.0238172846426008,42,147.440002,0.028011427997674643,77,144.240005,0.022185225243163353,277,123.300003,0.16982969578678753,329,117.010002,0.05375609685059235,325,117.150002,-0.0011950490619709875,227,122.400002,-0.0428921561618929,170,129.169998,-0.05241152051422959,191,130.279999,-0.008520118272337451,173,126.879997,0.026796989914809055,331,113.75,0.11542854505494504,279,112.0,0.015625,224,118.419998,-0.05421379926049319,190,123.029999,-0.037470544074376555,166,124.480003,-0.011648489436491993,240,123.559998,0.0074458159185144535,147,125.059998,-0.011994242955289391,114,123.550003,0.01222173179550623,123,125.68,-0.016947780076384533,130,124.739998,0.007535690356512692,175,122.540001,0.017953296736140878,199,123.169998,-0.005114857597058653,216,119.220001,0.033131999386579514,248,121.879997,-0.021824713369495763,253,120.139999,0.01448308651975272,291,119.459999,0.005692281983026071,336,121.629997,-0.01784097717276112,349,114.18,0.06524782799089146,300,114.209999,-0.00026266526803830903,174,116.860001,-0.02267672409141941,211,111.620003,0.04694497275725751,161,114.16999816894531,-0.02233507090015019,279,107.68000030517578,0.060271155274888466,311,107.9800033569336,-0.002778319982080335,,,
171,LECO,"Lincoln Electric Holdings, Inc. - Common Shares",,171,280.11499,,191,286.019989,-0.020645406709668968,245,286.869995,-0.002963035572960515,203,284.630005,0.007869830870431471,201,286.970001,-0.008154148488852098,216,284.269989,0.009498055033871466,236,277.329987,0.025024347619502008,187,281.959991,-0.016420783613941836,182,278.910004,0.01093538043189013,185,279.369995,-0.001646529721275214,193,277.640015,0.006231018248576303,184,267.790009,0.03678257466282098,197,261.309998,0.024798174771712977,316,250.220001,0.04432098535560325,298,257.98999,-0.030117404942726633,317,267.25,-0.0346492422825071,374,256.850006,0.040490534386049326,371,251.470001,0.02139422188971163,387,250.380005,0.004353366795403657,382,249.169998,0.004856150458371067,390,249.020004,0.0006023371519983112,385,245.440002,0.014586057573451328,379,252.740005,-0.028883448823228464,330,259.309998,-0.025336443063024516,320,253.210007,0.024090639514101175,318,252.580002,0.002494279020553547,323,251.199997,0.005493650543315853,377,250.970001,0.0009164282547060587,376,246.350006,0.01875378480810741,367,247.690002,-0.00540997209891414,321,255.809998,-0.03174229335633716,303,262.920013,-0.02704250208598602,261,258.429993,0.017374221729750783,253,257.970001,0.0017831220615454058,257,265.51001,-0.028398209920597717,267,264.149994,0.005148650504985586,268,266.559998,-0.009041131520416745,245,273.720001,-0.026158128649137358,256,268.9100036621094,0.017887013976616517,234,269.1099853515625,-0.0007431199552108136,220,274.75,-0.02052780709736124,,,
172,PEP,PepsiCo,Consumer Staples,172,139.979996,,220,138.240005,0.01258673999613924,215,140.789993,-0.018111997491185416,167,140.619995,0.0012089176933907098,173,138.699997,0.013842812123492587,197,138.410004,0.002095173698571706,188,137.729996,0.0049372541911638645,166,139.020004,-0.009279297675750309,201,138.440002,0.0041895549813701916,207,138.779999,-0.0024498991385639712,181,139.100006,-0.002300553459357868,157,139.630005,-0.003795738602172194,129,139.559998,0.0005016265477446602,92,140.199997,-0.00456490024033307,101,143.5,-0.022996536585365934,123,142.860001,0.004479903370573135,149,139.789993,0.02196157202754856,164,136.639999,0.023053234946232903,179,134.949997,0.012523171823412449,176,135.649994,-0.005160317220507915,199,135.0,0.004814770370370258,188,135.460007,-0.0033958879095583594,214,137.119995,-0.012106097290916606,266,139.429993,-0.01656743968996688,278,135.399994,0.029763657153485612,261,135.449997,-0.0003691620605942303,256,138.490005,-0.021951100370023124,254,137.380005,0.008079778421903328,254,137.860001,-0.003481764083260064,221,142.494995,-0.032629248215186535,196,144.979996,-0.01714030258353716,217,143.289993,0.011794284894689033,212,144.220001,-0.0064485369127128545,240,141.160004,0.021677507178308186,315,135.399994,0.04254069612440303,303,138.679993,-0.02365156594722362,285,141.389999,-0.019166886053942123,261,139.520004,0.013403060108857057,274,142.27000427246094,-0.019329443471443164,258,142.0500030517578,0.0015487574470518517,294,140.7100067138672,0.009523103783229958,,,
173,VRSN,Verisign,Information Technology,173,278.204987,,202,272.769989,0.019925205188170425,131,284.23999,-0.04035322756660653,107,287.149994,-0.010134090408513208,116,282.940002,0.014879451368633223,104,287.630005,-0.016305680626052865,87,293.339996,-0.019465436278249593,73,294.559998,-0.004141777594661833,54,292.529999,0.006939455806035166,47,293.410004,-0.002999233114083011,30,299.200012,-0.019351630239907824,21,298.890015,0.0010371607763477453,36,290.019989,0.0305841884574376,35,286.579987,0.01200363652748715,29,290.920013,-0.014918279272866597,34,281.149994,0.03475020170194276,37,274.820007,0.02303321024222238,22,280.0,-0.018499975000000113,56,261.579987,0.07041828089088464,66,262.589996,-0.0038463346486359296,123,266.149994,-0.013375908623916799,106,277.609985,-0.04128090349487967,124,277.660004,-0.0001801447787922461,275,275.220001,0.008865645633072905,333,270.519989,0.01737399153893948,348,268.850006,0.006211578808742901,384,270.309998,-0.00540117646702809,370,270.109985,0.0007404872500362814,366,269.980011,0.00048142082637370187,401,267.579987,0.008969370343829164,372,266.779999,0.0029986805720021437,404,259.130005,0.029521837889826763,407,256.429993,0.010529236336250136,427,255.899994,0.002071117672632905,411,251.559998,0.017252329601306515,422,252.490005,-0.0036833418415909147,406,255.619995,-0.01224469940232964,431,250.850006,0.019015303511692894,439,252.0800018310547,-0.0048793874573199725,453,247.22000122070312,0.019658607638303627,458,247.69000244140625,-0.001897537228813917,,,
174,AVAV,"AeroVironment, Inc. - Common Stock",,174,178.899994,,153,181.130005,-0.01231165979374882,82,192.809998,-0.06057773518570342,61,189.429993,0.01784302974661478,46,193.809998,-0.02259947910427207,41,196.020004,-0.01127439013826359,61,189.149994,0.03632043467048707,84,186.729996,0.01295987817618749,264,171.119995,0.0912225424036508,317,168.059998,0.018207765300580325,385,169.020004,-0.005679836571297114,440,159.179993,0.061816882979759846,432,149.369995,0.0656758273306497,412,146.570007,0.01910341724961495,340,142.119995,0.031311653226556935,181,156.350006,-0.0910138180615101,176,154.240005,0.013679985293050256,333,149.509995,0.031636747763920336,321,158.729996,-0.05808606584983467,370,150.350006,0.05573654583026744,426,148.839996,0.010145189737844396,456,142.600006,0.04375869381099462,456,142.199997,0.002813002872285697,427,149.289993,-0.04749143500864128,470,141.220001,0.057144823274714485,484,143.470001,-0.01568272101705781,476,141.800003,0.011777136563248192,476,144.580002,-0.019228101822823307,470,148.399994,-0.025741187024576173,434,157.779999,-0.05944989896976749,414,162.529999,-0.029225373956964118,334,176.839996,-0.08092059106357374,285,190.889999,-0.07360261445650684,399,172.440002,0.10699371831368909,436,165.070007,0.04464769302396632,480,139.0,0.18755400719424453,473,137.949997,0.007611475337690576,480,136.679993,0.009291806153370219,463,142.17999267578125,-0.03868336102675152,439,149.0800018310547,-0.046283934179179975,442,151.3300018310547,-0.014868168705898799,,,
175,EXC,Exelon,Utilities,175,45.939999,,196,45.57,0.008119354838709736,195,45.860001,-0.006323615213178813,166,45.599998,0.005701820425518367,194,45.220001,0.008403294816379914,199,44.869999,0.007800356759535498,194,44.5,0.008314584269663028,136,45.610001,-0.024336789644008094,161,45.32,0.006398962930273644,133,45.759998,-0.009615341329341942,125,45.84,-0.0017452443280977503,115,45.630001,0.004602213355200391,82,45.82,-0.004146639022260978,110,45.580002,0.005265423200288666,105,47.029999,-0.03083132108933273,94,47.310001,-0.0059184526333027065,84,47.150002,0.0033934038857517113,73,47.529999,-0.007994887607718937,79,47.279999,0.005287648165982484,81,46.700001,0.01241965712163462,109,45.889999,0.0176509483035725,116,45.959999,-0.0015230635666463321,117,46.259998,-0.006485062969522781,205,46.790001,-0.01132727054226812,223,45.740002,0.022955814475040803,184,46.919998,-0.02514910593133446,197,47.09,-0.00361015077511162,192,46.799999,0.006196602696508791,203,46.380001,0.009055584108331516,194,47.279999,-0.019035491096351276,157,47.57,-0.0060963001891949364,200,47.049999,0.011052093752435654,170,47.880001,-0.017335045586151954,207,46.259998,0.03501952161779154,222,46.619999,-0.007722029337666747,199,47.150002,-0.01124078425277697,199,47.400002,-0.0052742613808328676,209,46.75,0.013903786096256754,213,46.900001525878906,-0.0031983367506039917,199,46.619998931884766,0.006006070484900761,228,45.939998626708984,0.014801915864212312,,,
176,TTAN,SERVICETITAN INC CLASS A,Information Technology,176,90.875,,142,88.389999,0.02811405168134451,111,90.400002,-0.022234545968262243,113,93.699997,-0.035218731116928415,156,92.0,0.018478228260869534,213,88.389999,0.040841735952502844,201,86.889999,0.01726320655153879,305,85.830002,0.012349958933940197,281,85.589996,0.0028041361282455934,283,86.5,-0.010520277456647409,224,86.239998,0.0030148655615691577,256,83.370003,0.03442479185229241,171,83.059998,0.00373230204026731,192,79.870003,0.039939838239394954,124,84.220001,-0.051650414964967806,217,78.389999,0.07437175755034753,158,74.919998,0.04631608505915863,241,70.480003,0.0629965211550858,245,69.07,0.020414116114087166,202,69.900002,-0.011874134138079251,193,72.959999,-0.041940748930108906,45,79.459999,-0.08180216564060117,129,76.0,0.04552630263157886,243,75.5,0.0066225165562914245,81,78.349998,-0.03637521471283256,89,80.089996,-0.021725534859559748,149,80.349998,-0.0032358681577067117,174,77.690002,0.034238588383612045,207,79.440002,-0.022029203876404724,284,78.010002,0.018330982737316148,208,79.699997,-0.021204455001422318,226,77.790001,0.024553232747740905,167,78.309998,-0.006640237687146833,261,74.035004,0.05774287524857824,236,70.709999,0.04702312327850566,147,70.199997,0.007264986065455226,194,69.199997,0.014450867678505785,353,63.400002,0.09148256809203259,343,65.02999877929688,-0.0250653087046796,321,64.19000244140625,0.013086103346748645,392,62.56999969482422,0.025891034041873207,,,
177,PCTY,Paylocity Holding Corporation - Common Stock,,177,148.960007,,189,145.470001,0.023991242015596104,162,148.279999,-0.018950620575604482,84,152.710007,-0.029009284244221,127,145.669998,0.048328475984464436,133,145.050003,0.004274353582743418,76,145.649994,-0.0041194028473491295,41,150.419998,-0.03171123562971989,35,151.490005,-0.007063218461178411,67,147.809998,0.024896874702616367,64,143.320007,0.03132843134734142,71,139.770004,0.025398890308395483,59,137.895004,0.013597301900799774,40,136.710007,0.00866796093427169,24,144.789993,-0.05580486491217673,38,138.679993,0.04405826585237871,52,130.160004,0.06545781144874585,100,125.269997,0.0390357397390213,113,120.599998,0.03872304375991775,104,120.779999,-0.0014903212575784197,99,123.879997,-0.025024201445532857,79,127.290001,-0.026789252676649777,112,126.0,0.010238103174603275,64,126.860001,-0.006779134425515254,111,123.050003,0.030963006152872508,107,123.129997,-0.0006496710951758855,160,124.5,-0.011004040160642492,228,118.5,0.05063291139240511,255,116.620003,0.01612070786861497,262,115.209999,0.012238555787158711,216,118.839996,-0.03054524673662895,295,113.769997,0.044563585599813216,315,115.099998,-0.011555178306779768,395,111.330002,0.033863252782480036,387,104.529999,0.06505312412755293,346,105.730003,-0.01134970174927541,308,106.349998,-0.005829760335303469,369,100.480003,0.05841953448190096,373,103.79000091552734,-0.031891299432591835,396,100.88999938964844,0.028744196934722854,425,99.51000213623047,0.013867922543102873,,,
178,SYRE,SPYRE THERAPEUTICS INC,Health Care,178,107.720001,,274,104.599998,0.029827945120993293,185,103.629997,0.009360233794081907,296,101.849998,0.01747667191903135,231,104.089996,-0.021519820214038643,181,102.739998,0.013139945749268911,200,105.330002,-0.02458942324903779,205,104.910004,0.004003412296123665,176,103.419998,0.01440732961530311,210,104.349998,-0.008912314497600549,130,104.940002,-0.005622298349108212,185,94.93,0.10544613926050772,164,98.330002,-0.03457746293954089,137,101.5,-0.031231507389162583,203,97.870003,0.03708998558015786,167,99.959999,-0.020908323538498585,181,100.040001,-0.0007997001119582903,112,102.129997,-0.02046407579939513,287,99.989998,0.021402130641106742,331,99.169998,0.008268629792651527,132,102.699997,-0.034371948423717935,163,97.330002,0.05517306986185,85,100.230003,-0.028933462169007496,123,94.120003,0.06491712500264146,31,102.07,-0.07788769471931023,64,98.949997,0.031531107575475614,70,93.730003,0.055691815138424694,58,97.739998,-0.04102716474375212,48,98.75,-0.010227868354430347,75,95.400002,0.03511528228269856,114,94.230003,0.012416416881574355,119,88.739998,0.06186618349935058,77,86.629997,0.02435647088848447,70,88.889999,-0.025424704977215717,85,88.779999,0.0012390178107570815,58,90.160004,-0.01530617722687766,67,87.889999,0.025827796402637215,66,88.669998,-0.008796650700274133,84,86.23999786376953,0.028177180616353992,40,97.05000305175781,-0.11138593164185684,9,100.31999969482422,-0.03259566387559798,,,
179,DOCU,"DocuSign, Inc. - Common Stock",,179,61.349998,,246,59.82,0.025576696756937523,191,62.040001,-0.035783381112453494,102,64.089996,-0.03198619328982333,181,58.099998,0.10309807583814368,164,59.34,-0.02089656218402436,146,59.639999,-0.005030164403590942,104,60.259998,-0.010288732502115261,122,56.900002,0.059050894233712015,101,57.490002,-0.010262654017649808,90,57.540001,-0.0008689433286592774,88,55.130001,0.043714855002451314,91,54.830002,0.005471438793673622,80,54.290001,0.009946601400873112,51,58.169998,-0.06670099937084406,71,55.970001,0.03930671718229917,71,52.91,0.05783407673407681,153,50.439999,0.048969092961322236,194,47.040001,0.07227886751107859,183,47.889999,-0.017748966751910067,138,50.740002,-0.05616876010371452,98,52.299999,-0.0298278590789266,120,52.740002,-0.008342870370008693,55,53.380001,-0.011989490221253507,110,51.16,0.04339329554339333,150,49.380001,0.03604696160293708,167,49.869999,-0.009825506513445048,195,49.18,0.014030073200488102,262,48.759998,0.008613659089977688,310,47.220001,0.03261323522631865,355,47.23,-0.00021170865975006503,391,46.900002,0.007036204390780121,420,45.77,0.02468870439152271,442,46.02,-0.005432420686657946,430,44.419998,0.03601985754254211,376,45.040001,-0.013765608042504152,343,45.209999,-0.0037601858827736034,397,42.459999,0.06476684090359974,381,44.2400016784668,-0.04023514736730782,414,42.66999816894531,0.036794095935978266,461,42.709999084472656,-0.0009365722532562737,,,
180,FIGR,"Figure Technology Solutions, Inc. - Class A Common Stock",,180,35.75,,124,35.755001,-0.00013986854594127962,391,31.43,0.1376074132993954,375,31.879999,-0.014115401948412876,400,30.68,0.039113396349413465,447,27.84,0.10201149425287359,444,28.82,-0.03400416377515614,453,28.620001,0.006988085010898537,433,28.6,0.0006993356643356652,440,28.73,-0.004524886877828038,475,27.639999,0.03943563818508111,473,26.879999,0.028273810575662583,458,24.91,0.07908466479325571,428,25.809999,-0.034870167953125475,388,24.969999,0.03364036978936191,369,27.549999,-0.0936479162848608,340,28.83,-0.04439823100936524,375,27.59,0.04494382022471899,366,29.24,-0.05642954856361149,361,30.040001,-0.026631190857816622,306,31.49,-0.046046332168942494,308,30.42,0.035174227481919784,393,28.969999,0.050051813947249446,299,30.870001,-0.06154849168939114,243,30.93,-0.001939831878435272,306,29.959999,0.03237653646116612,340,29.74,0.007397410894418366,242,31.799999,-0.06477984480439769,192,32.790001,-0.030192191820915038,282,30.65,0.06982058727569318,341,31.045,-0.012723465936543832,236,34.41,-0.09779133972682341,275,33.91,0.014744913005013238,363,32.669998,0.03795537422438766,450,30.709999,0.06382282851914134,471,27.07,0.13446616180273363,471,26.860001,0.007818279679140838,476,26.91,-0.0018580081753994948,460,27.399999618530273,-0.01788321167883211,470,27.979999542236328,-0.020729092208720545,480,29.09000015258789,-0.03815744242007557,,,
181,OUST,OUSTER,Information Technology,181,44.110001,,148,48.130001,-0.08352378800075244,81,48.709999,-0.011907165097663097,265,45.130001,0.07932634435350461,377,46.119999,-0.021465698644095754,342,45.130001,0.021936582718001807,429,42.130001,0.0712081635127424,454,43.400002,-0.0292626945040233,392,45.580002,-0.04782799263589321,413,45.119999,0.010195102176309812,402,47.84,-0.05685620819397996,470,42.48,0.12617702448210943,485,39.009998,0.08895160671374547,475,35.529999,0.09794537286646166,464,31.299999,0.13514377428574353,451,33.91,-0.07696847537599516,453,35.139999,-0.035002818298315974,459,34.040001,0.032314863915544834,468,37.689999,-0.09684261334153932,455,38.860001,-0.03010813098023324,440,40.68,-0.044739405113077724,443,34.77,0.169974115616911,440,37.040001,-0.06128512253549867,461,35.139999,0.05406949499344016,425,37.950001,-0.07404484653373256,376,41.970001,-0.09578269964777941,402,40.029999,0.04846370343401718,296,43.279999,-0.07509242317681197,250,47.529999,-0.08941721206432174,314,43.41,0.094908984105045,413,44.060001,-0.014752632438660207,257,49.830002,-0.11579371399583727,306,49.84,-0.00020060192616377925,88,60.02,-0.16961012995668112,75,62.52,-0.0399872040946897,129,54.07,0.15627889772517123,446,42.02,0.2867682056163732,409,41.82,0.004782400765184214,316,40.709999084472656,0.027266053236699728,113,45.15999984741211,-0.09853855181576598,20,47.68000030517578,-0.05285234899328861,,,
182,LNT,Alliant Energy,Utilities,182,70.599998,,194,70.349998,0.00355366037110616,201,70.599998,-0.003541076587565861,177,70.199997,0.005698020186525099,207,70.239998,-0.0005694903351222136,249,68.580002,0.02420524863793383,241,68.209999,0.005424468632523993,204,69.370003,-0.01672198284321824,202,69.519997,-0.0021575662611148516,194,70.199997,-0.009686610100567261,166,70.660004,-0.006510146815163043,153,71.269997,-0.008558903124410211,134,70.779999,0.00692283140608696,153,70.889999,-0.0015516998385061154,168,72.0,-0.015416680555555562,153,73.790001,-0.0242580427665261,129,73.93,-0.001893669687542343,98,74.940002,-0.013477474953897173,92,74.419998,0.006987422923607101,86,74.019997,0.005403958608644732,101,73.110001,0.012446942792409654,107,73.959999,-0.011492671869830606,94,74.82,-0.011494266238973538,182,75.75,-0.0122772277227724,196,74.550003,0.016096538587664355,167,76.309998,-0.023063753716780155,191,76.629997,-0.0041758973316938786,184,76.400002,0.003010405680355932,201,75.699997,0.00924709415774494,190,76.370003,-0.00877315665419054,150,77.650002,-0.016484210779543873,168,76.580002,0.013972316166823928,151,78.029999,-0.01858255822866295,163,75.790001,0.029555323531398336,181,76.290001,-0.006553938831381112,173,77.18,-0.011531471883907796,178,77.25,-0.0009061488673138829,181,76.190002,0.013912560338297242,192,75.58999633789062,0.007937637673641529,201,74.56999969482422,0.013678369317420058,236,73.20999908447266,0.018576711085598996,,,
183,KDP,Keurig Dr Pepper,Consumer Staples,183,30.729,,231,30.280001,0.014828235970005377,188,31.440001,-0.036895673126727924,151,31.120001,0.010282776019191031,203,29.559999,0.052774088388839235,255,29.18,0.013022583961617595,252,29.299999,-0.004095529150018096,191,30.01,-0.02365881372875711,185,30.370001,-0.011853835632076426,177,30.75,-0.012357691056910647,169,31.1,-0.0112540192926045,197,30.91,0.006146878032999181,179,31.120001,-0.00674810389626912,168,31.57,-0.014254006968641209,196,31.450001,0.0038155483683450786,233,31.08,0.011904794079794057,240,30.120001,0.031872475701445024,194,29.68,0.014824831536388139,181,29.67,0.0003370407819345278,178,30.200001,-0.01754970140563894,176,30.209999,-0.00033095002750582747,169,30.440001,-0.007555913023787331,179,30.91,-0.015205402782271116,239,31.379999,-0.014977661407828635,284,30.280001,0.03632754173290831,263,30.26,0.000660971579643066,255,31.25,-0.03167999999999993,231,31.67,-0.013261761919797999,245,30.719999,0.030924512725407416,215,30.969999,-0.008072328320062216,174,31.49,-0.016513210543029455,196,31.75,-0.008188976377952795,117,33.299999,-0.04654651791430986,109,33.369999,-0.002097692601069623,125,32.73,0.019553895508707786,95,33.5,-0.02298507462686572,98,33.400002,0.0029939519165298467,113,32.52,0.027060332103320928,131,31.399999618530273,0.03566878980891741,142,30.8700008392334,0.017168739320740478,162,30.8700008392334,0.0,,,
184,COST,Costco,Consumer Staples,184,965.048828,,216,953.5,0.012112037755637184,209,961.099976,-0.00790758109435219,154,961.849976,-0.0007797473813109246,168,949.575012,0.012921458729475255,176,944.320007,0.005564856151565101,156,952.75,-0.008848064025190228,127,947.820007,0.0052014021265536226,179,949.150024,-0.0014012716286883053,162,941.98999,0.007600966120669739,161,947.849976,-0.00618239821530564,131,954.080017,-0.0065298936032531785,100,951.890015,0.002300688068463508,118,954.169983,-0.0023894778085887802,117,974.030029,-0.020389562342743806,127,966.580017,0.00770759985616376,146,951.580017,0.015763256617441046,163,935.030029,0.017699953463205853,172,926.059998,0.009686230934683016,168,927.309998,-0.001347985034881538,172,929.219971,-0.002055458405553434,176,935.799988,-0.007031435225878679,184,940.869995,-0.005388637141096275,249,945.570007,-0.004970559519872797,291,916.539978,0.03167350000743774,279,921.75,-0.0056523157038241845,301,926.429993,-0.005051642364087394,297,916.25,0.011110497135061292,319,912.969971,0.003592701955363653,261,953.130005,-0.04213489638278678,257,947.5,0.005941957783641039,261,950.25,-0.0028939752696658383,215,951.669983,-0.001492096026317613,235,924.669983,0.029199606882880813,238,935.469971,-0.011544986300794924,274,946.679993,-0.011841405842407005,279,952.539978,-0.0061519570152887,308,942.23999,0.010931384901207597,320,961.0900268554688,-0.01961318551898772,347,957.6799926757812,0.003560723858621939,393,951.3499755859375,0.006653720670299457,,,
185,NTRS,Northern Trust,Financials,185,190.699997,,185,191.470001,-0.004021538601234997,206,191.410004,0.00031344756672169183,214,190.479996,0.004882444453642165,176,191.330002,-0.004442617420764017,187,187.779999,0.018905117791591763,184,187.860001,-0.0004258596804755932,192,185.5,0.012722377358490577,169,184.139999,0.007385690275799384,170,184.380005,-0.0013016921222017697,177,182.410004,0.010799851744973443,129,182.199997,0.0011526180211736126,116,182.190002,5.486031006252112e-05,115,182.509995,-0.0017532902787050775,148,177.649994,0.027357169513892554,95,180.860001,-0.017748573384117283,100,182.520004,-0.009094909947514496,90,180.520004,0.011079104562838449,118,177.949997,0.014442298641904383,123,178.660004,-0.003974067973266049,106,185.059998,-0.03458334631560955,132,182.779999,0.012474007071200388,125,184.679993,-0.010288033744943803,165,188.520004,-0.020369249514762378,156,191.125,-0.01365563193492314,172,186.639999,0.024030224089317542,168,184.104996,0.013741773864853535,220,183.550003,0.003023661078338291,234,182.860001,0.0037733894576539306,252,179.919998,0.01634061267608522,254,181.389999,-0.008104090678119458,240,181.139999,0.0013801479594797161,273,176.5,0.026288946175637262,266,175.600006,0.00512525039435352,256,173.839996,0.010124309943035259,272,174.910004,-0.006117477419987805,257,173.869995,0.005981532351226004,235,175.970001,-0.01193388639010129,241,173.92999267578125,0.01172890290405526,215,176.25999450683594,-0.013219119857571848,230,175.55999755859375,0.003987223786594107,,,
186,FIVE,"Five Below, Inc. - Common Stock",,186,241.214996,,193,238.559998,0.011129267363592099,121,244.539993,-0.02445405729605954,108,241.710007,0.011708187158341543,124,238.145004,0.014948616794842273,135,234.235001,0.01669265047199331,120,235.360001,-0.004779911604436138,46,244.369995,-0.03687029579879464,68,231.119995,0.057329527027724314,69,224.160004,0.031049209831384594,74,222.300003,0.008367075910475696,107,216.699997,0.025842206172250304,104,217.130005,-0.001980417215943997,84,219.169998,-0.009307811372978092,132,209.490005,0.04620742168582215,220,207.990005,0.007211885013416852,207,207.139999,0.0041035338616566275,208,203.190002,0.019439918111718857,190,201.309998,0.009338850621815498,236,204.869995,-0.017376858919726068,265,203.710007,0.005694310343821174,251,204.139999,-0.0021063583918210504,235,202.630005,0.007451976325026477,247,197.710007,0.024884921479973565,317,193.029999,0.02424497759024491,340,193.110001,-0.00041428201328630454,335,191.529999,0.008249370898811614,312,189.389999,0.01129943508791098,336,184.240005,0.027952637105062905,368,180.75,0.019308464730290353,364,176.25,0.025531914893617058,436,176.399994,-0.0008503061513709387,422,182.429993,-0.033053769837068425,445,182.639999,-0.0011498357487397248,464,179.789993,0.015851861121102484,455,178.229996,0.00875271859401261,423,188.369995,-0.05383022386341296,438,186.589996,0.009539627194161016,434,187.75,-0.006178450066577801,450,185.9499969482422,0.009680037800699814,438,193.4499969482422,-0.038769708536102954,,,
187,RVMD,"Revolution Medicines, Inc. - Common Stock",,187,213.289993,,260,212.0,0.006084872641509476,258,203.710007,0.040695070026677715,276,202.0,0.008465381188118792,252,205.259995,-0.015882271652593594,239,205.550003,-0.0014108878412422143,248,206.970001,-0.006860888018259237,268,205.149994,0.008871591777867671,315,197.809998,0.03710629429357759,321,197.300003,0.0025848707158915296,331,193.460007,0.019849043011768375,353,182.449997,0.06034535588400147,311,187.529999,-0.027089009902890315,292,192.169998,-0.024145283073791712,355,180.919998,0.06218218065644687,333,183.860001,-0.01599044372897629,294,188.070007,-0.022385313145652175,182,189.229996,-0.006130048219205153,186,188.75,0.002543025165562929,220,183.029999,0.03125171300470808,201,183.289993,-0.0014184844232058014,175,180.389999,0.0160762460007553,132,186.160004,-0.03099486933831397,140,179.179993,0.03895530345288045,73,184.440002,-0.028518807975289384,60,184.970001,-0.0028653240911211686,59,183.949997,0.005545006885757209,73,186.880005,-0.01567855266271001,76,191.130005,-0.022236173749903942,80,189.770004,0.007166575176970502,89,190.460007,-0.003622823556863497,99,189.990005,0.0024738248730504786,71,189.240005,0.003963221201563671,120,187.509995,0.00922622818052976,101,187.279999,0.0012280862944686888,64,192.619995,-0.02772295783726908,89,182.080002,0.05788660415326663,118,178.169998,0.021945355805639055,155,169.77000427246094,0.049478669977530254,175,169.50999450683594,0.0015338859516809134,207,165.80999755859375,0.022314679721544772,,,
188,ZM,"Zoom Communications, Inc. - Class A Common Stock",,188,106.300003,,222,105.559998,0.007010278647409773,240,105.959999,-0.0037750189106739995,168,109.839996,-0.03532408176708235,208,105.129997,0.04480166588419099,204,106.059998,-0.008768631128957649,159,107.199997,-0.010634319327452957,177,104.5,0.025837291866028567,173,101.300003,0.03158930804770055,140,100.639999,0.006558068427643837,119,102.120003,-0.014492792367035046,167,98.25,0.03938934351145029,229,96.07,0.022691787238471983,242,92.32,0.04061958405545929,236,92.410004,-0.0009739638145671581,274,91.480003,0.010166167134909365,225,91.220001,0.002850274031459321,295,87.989998,0.03670875182881583,371,84.110001,0.04613003155237161,320,85.809998,-0.019811176315375212,309,89.769997,-0.044112722873322685,309,90.910004,-0.012539951048731623,339,91.129997,-0.002414056921344998,308,92.919998,-0.01926389408660989,307,92.599998,0.0034557236167542804,312,91.150002,0.015907799980081183,357,91.879997,-0.007945091683013494,401,89.760002,0.023618482094062365,420,89.879997,-0.0013350578994790752,431,87.400002,0.02837522818363314,426,85.68,0.020074719887955172,438,84.959999,0.008474588141179407,446,87.144997,-0.025073131851734543,453,90.129997,-0.03311882946140565,447,86.309998,0.04425905559631693,440,86.139999,0.001973519874315155,432,86.480003,-0.003931590982946598,442,82.879997,0.04343636740237811,452,85.47000122070312,-0.030303076748530722,412,86.44499969482422,-0.011278836254265734,445,84.33999633789062,0.024958549915036654,,,
189,MDGL,"Madrigal Pharmaceuticals, Inc. - Common Stock",,189,531.13501,,251,524.869995,0.011936317678056474,266,507.559998,0.034104336567516436,252,507.369995,0.0003744860789411941,166,536.200012,-0.053767281527028365,149,535.27002,0.001737425907021528,197,515.340027,0.03867348149923555,243,510.040009,0.010391376963527543,226,510.359985,-0.0006269613790351736,122,514.119995,-0.007313487194754997,112,507.559998,0.012924574485477791,135,482.0,0.053029041493775964,145,467.320007,0.03141314897737746,167,493.109985,-0.052300660673095134,98,546.880005,-0.09832142244805597,86,538.799988,0.014996319933102908,72,551.25,-0.022585055782312957,66,544.51001,0.012378082819818115,59,543.349976,0.0021349665063756795,79,537.650024,0.010601602800263121,71,546.789978,-0.016715657506070847,85,535.690002,0.02072089446985781,60,553.47998,-0.03214204423437306,164,545.530029,0.014572893474943616,95,550.25,-0.008577866424352543,103,536.859985,0.024941354122341552,131,531.0,0.011035753295668638,132,536.700012,-0.010620480478021666,106,560.01001,-0.041624252395059735,132,565.400024,-0.009533098286532926,176,545.359985,0.03674644189378862,210,529.47998,0.029991700536061927,78,528.099976,0.0026131491435628096,132,514.390015,0.02665285211650148,132,536.950012,-0.04201507867737986,174,527.280029,0.01833936896555577,211,512.650024,0.028537997298523354,250,513.789978,-0.0022187159127498024,254,509.760009765625,0.007905618175109597,240,513.4299926757812,-0.007147971583342905,261,512.8800048828125,0.0010723521966897742,,,
190,CHRD,Chord Energy Corporation - Common Stock,,190,144.800003,,214,142.880005,0.013437835475999638,220,137.320007,0.04048935127129738,221,134.455002,0.021270265142854017,155,137.580002,-0.022714056945572603,142,139.229996,-0.011850851450142863,109,138.520004,0.005125555728398679,148,131.350006,0.054586963627546226,180,132.5,-0.008679199999999998,154,129.949997,0.019622955435697254,62,136.889999,-0.05069765542185445,47,139.330002,-0.01751240195919912,45,140.380005,-0.0074797190668286495,69,138.25,0.015406907775768586,93,136.470001,0.01304315224559871,150,128.800003,0.05954967252601695,156,131.800003,-0.022761759724694408,86,138.360001,-0.04741253218117569,119,138.889999,-0.003815955099833901,141,137.399994,0.010844287227552485,171,134.190002,0.02392124563795739,285,128.800003,0.04184781734826504,263,128.100006,0.005464457199166661,304,124.080002,0.032398484326265686,372,123.440002,0.005184705035892634,371,121.989998,0.011886253166427663,405,122.360001,-0.0030238885009489236,418,117.389999,0.04233752485166975,426,118.480003,-0.009199898484134827,396,122.129997,-0.029886138456222233,412,116.839996,0.04527560065989733,432,111.589996,0.047047228140415065,421,113.32,-0.015266537239675193,443,111.629997,0.015139326752826143,415,114.300003,-0.023359631932818092,413,115.970001,-0.01440025856341931,408,116.589996,-0.005317737552714252,403,119.480003,-0.024188206623998787,429,119.93000030517578,-0.0037521637621946713,421,124.44000244140625,-0.03624238128829349,428,124.44999694824219,-8.031338080294326e-05,,,
191,IRTC,IRHYTHM HOLDINGS INC,Health Care,191,118.370003,,208,116.919998,0.012401685124900474,149,126.440002,-0.07529265935949603,128,123.160004,0.026632006280220777,86,125.349998,-0.0174710333860556,170,121.870003,0.028554975911504688,136,124.779999,-0.023321013169746885,108,127.839996,-0.02393614749487316,196,128.119995,-0.002185443419662869,239,124.5,0.02907626506024097,196,127.129997,-0.020687462141606106,,,,,,,,,,,,,,,,,,,,,,,,,,,,,,,130,112.540001,-0.021280442993253712,204,110.879997,0.004419246151314393,203,115.349998,-0.03875163482881028,216,113.260002,0.018453081079761846,208,112.550003,0.0063082983658382386,170,118.68,-0.051651474553421006,,,,128,117.915001,-0.015138056946630618,97,125.339996,-0.05923883227186311,84,125.089996,0.001998561099961993,73,126.029999,-0.007458565480112478,,,,,,,,,,,,,,,,,,,,,,,,,,,,,,
192,SITM,SiTime Corporation - Common Stock,,192,683.590027,,92,749.440002,-0.08786557272666118,167,711.909973,0.0527173806005945,307,687.929993,0.03485816906372352,313,680.52002,0.010888692150452739,284,667.099976,0.02011699068026962,286,689.960022,-0.0331324211129439,256,725.280029,-0.04869844141262025,265,687.5,0.054952769454545525,449,543.119995,0.265834449714929,430,583.059998,-0.06850067426508644,424,550.320007,0.05949264170582835,460,535.200012,0.028251111100498383,460,527.869995,0.013886026994203382,501,462.160004,0.14218017662991023,465,491.100006,-0.058928938396306974,467,522.669983,-0.06040135846102335,461,554.460022,-0.057335132811432876,462,576.409973,-0.038080449728790655,456,590.669983,-0.02414209357241026,455,590.179993,0.0008302382422509247,449,555.150024,0.0631000044773482,473,554.969971,0.00032443737392773286,466,564.590027,-0.01703901156582066,450,612.380005,-0.0780397426594619,442,623.830017,-0.01835437809655771,463,602.549988,0.03531662007103065,450,628.940002,-0.041959509517729865,429,648.150024,-0.0296382338790131,428,612.130005,0.05884374022802574,451,592.190002,0.03367163061290568,457,615.460022,-0.03780914952750569,436,601.659973,0.022936624703800756,246,703.840027,-0.1451751109346896,245,745.559998,-0.05595789891077285,325,710.469971,0.0493898805471118,388,672.190002,0.05694813800577769,425,675.700012,-0.005194627701146093,412,692.469970703125,-0.02421759744438068,370,706.9000244140625,-0.0204131454379467,289,753.1199951171875,-0.061371323702539615,,,
193,KYMR,KYMERA THERAPEUTICS,Health Care,193,119.925003,,210,121.410004,-0.012231290265009798,242,117.389999,0.034244867827283976,248,114.419998,0.025957009717829216,229,114.029999,0.003420143851794677,263,109.620003,0.040229847466798585,,,,,,,,,,,,,,,,,,,,,,,,,267,105.25,0.016722109263658025,273,106.160004,-0.008572004198492689,321,110.050003,-0.03534755923632282,114,110.57,-0.004702876006149825,97,110.379997,0.001721353552854188,111,110.339996,0.0003625249361074445,37,113.370003,-0.026726708298666968,52,111.059998,0.020799613196463396,29,115.769997,-0.04068410747216322,22,113.989998,0.015615396361354561,38,114.120003,-0.0011391955536488307,28,112.080002,0.018201293393981244,19,110.400002,0.015217391028670368,4,119.349998,-0.07498949434418922,7,119.0,0.0029411596638655446,7,114.160004,0.0423965997758724,5,119.239998,-0.042603103700152634,7,114.760002,0.03903795679613187,9,113.510002,0.01101224542309498,11,114.199997,-0.006041987899526813,13,114.669998,-0.004098726852685641,11,109.32,0.04893887669227959,11,108.120003,0.011098751079390956,12,116.459999,-0.07161253710812754,27,99.87000274658203,0.16611590569392498,33,98.25,0.01648858015267174,54,99.44999694824219,-0.012066335205620948,,,
194,SSNC,"SS&C Technologies Holdings, Inc. - Common Stock",,194,81.425003,,241,79.800003,0.02036340775576151,235,81.5,-0.02085885889570549,165,82.040001,-0.006582167155263718,160,80.139999,0.0237085353594777,174,79.849998,0.0036318222575284498,145,79.769997,0.0010028958632153362,120,79.230003,0.006815524164501152,85,79.839996,-0.007640193268546813,103,79.169998,0.008462776517943027,75,81.059998,-0.02331606275144471,78,79.379997,0.02116403456150273,80,77.050003,0.030240024779752517,61,77.169998,-0.0015549436712438691,65,78.309998,-0.014557528146022736,68,77.900002,0.005263106411730112,99,75.040001,0.038113019214911725,155,73.879997,0.015701191758304978,310,66.949997,0.10351008678910034,294,67.019997,-0.0010444643857564495,299,67.919998,-0.013250898505621334,296,69.510002,-0.022874463447720705,309,69.559998,-0.0007187464266458221,230,70.57,-0.01431205894856169,280,68.589996,0.028867241805933253,317,66.790001,0.026950066971850983,324,68.059998,-0.018659962346751602,356,66.620003,0.021615054565518266,355,66.730003,-0.0016484339136025872,391,65.419998,0.02002453439390184,342,66.300003,-0.0132730763224852,348,65.32,0.015003107777097568,337,65.519997,-0.003052457404721931,382,63.91,0.025191628853074688,389,62.049999,0.02997584254594421,363,62.939999,-0.014140451448052982,345,63.66,-0.01131010053408732,364,63.02,0.010155506188511465,336,65.97000122070312,-0.04471731022105019,330,66.18000030517578,-0.0031731489876096752,364,65.12999725341797,0.016121649752264045,,,
195,WFRD,Weatherford International plc - Ordinary shares,,195,91.910004,,239,93.080002,-0.01256981064525542,197,94.785004,-0.01798809862370221,245,92.099998,0.02915316024219683,237,92.699997,-0.006472481331364022,191,94.43,-0.018320480779413395,256,92.900002,0.016469299968368212,307,86.82,0.07002997005298317,297,88.959999,-0.024055744425087067,297,87.529999,0.016337255984659516,274,89.419998,-0.021136200428007235,253,88.349998,0.012110922741616958,194,87.790001,0.0063788243948190715,261,84.709999,0.03635936768220249,279,82.309998,0.029158073846630383,294,83.580002,-0.01519507022744504,276,85.919998,-0.02723459095052605,190,88.68,-0.03112316193053677,315,85.599998,0.035981332616386474,329,87.110001,-0.017334439015791014,365,83.32,0.04548728996639473,402,78.199997,0.06547318665498159,412,80.699997,-0.03097893547629249,404,80.419998,0.003481708616804413,421,81.809998,-0.016990588363050563,428,82.010002,-0.0024387756995787324,429,81.099998,0.011220764765000446,432,84.360001,-0.038643942168753664,440,82.779999,0.019086760317549523,409,83.940002,-0.013819430216358675,420,83.370003,0.00683697948289641,425,83.900002,-0.006317032030583314,428,83.010002,0.010721599548931371,448,80.209999,0.03490840337748913,456,81.5,-0.015828233128834412,452,80.919998,0.007167597804438763,455,82.75,-0.022114827794561864,448,84.839996,-0.024634560331662447,449,84.48999786376953,0.004142478497868973,448,89.38999938964844,-0.05481598674142507,449,91.77999877929688,-0.026040531989981797,,,
196,XE,"X-Energy, Inc. - Class A Common Stock",,196,19.2899,,44,20.455,-0.05718959223800546,22,20.975,-0.02502383222116311,11,22.73,-0.07721073471183448,64,20.35,0.11695331695331679,65,20.57,-0.010695187165775333,78,20.639999,-0.003391424582917857,35,22.65,-0.08874176600441497,80,20.82,0.08789625360230535,142,19.049999,0.09291344319755601,295,18.57,0.025848088314485596,346,17.389999,0.06785515053796165,411,16.309999,0.06621704881772206,359,17.049999,-0.043401762076349604,430,15.27,0.11656836935166992,417,15.79,-0.03293223559214686,427,15.2,0.03881578947368425,475,14.56,0.0439560439560438,465,15.92,-0.08542713567839189,426,16.450001,-0.03221890381648007,452,16.790001,-0.020250147692069786,470,15.66,0.07215842911877401,493,14.02,0.11697574893009999,507,13.83,0.013738250180766354,448,15.06,-0.0816733067729084,452,15.33,-0.017612524461839474,470,15.43,-0.006480881399870353,487,15.96,-0.03320802005012535,488,16.92,-0.03855421686746996,482,16.959999,-0.021226357383629435,,,,,,,507,17.27,0.06079907353792713,505,18.559999,-0.06950426021035894,503,18.360001,0.01089313666159386,501,18.809999,-0.02392333992149609,504,18.879999,-0.0037076273150226102,509,18.48,0.021644967532467696,500,19.100000381469727,-0.032460732984293195,495,21.09000015258789,-0.09435751541014692,500,20.155000686645508,0.04613095238095233,,,
197,QLYS,QUALYS,Information Technology,197,185.240005,,257,183.309998,0.010528651034080516,208,186.050003,-0.014727250501576195,85,195.880005,-0.05018379492077307,149,187.149994,0.04664713481102223,61,188.309998,-0.006160076535075998,68,185.800003,0.01350912249447056,160,183.479996,0.012644468337572823,121,181.779999,0.009351947460402465,82,183.25,-0.008021833560709402,245,161.059998,0.13777475646063264,195,154.889999,0.03983471521618398,307,144.75,0.07005180656303955,295,141.710007,0.02145221120481633,277,135.130005,0.048693863365134815,241,135.75,-0.004567182320441954,161,134.789993,0.007122242375960264,116,137.479996,-0.019566504788085637,117,133.740005,0.02796463930145654,48,140.229996,-0.04628104674551947,64,143.779999,-0.024690520410978745,17,156.369995,-0.08051414211530794,18,159.429993,-0.019193364701458715,20,157.559998,0.011868462958472437,10,159.320007,-0.011047005540239518,8,164.119995,-0.029246820291457976,21,151.539993,0.0830144026732269,22,152.690002,-0.007531658818106357,23,159.389999,-0.0420352408685315,28,153.539993,0.03810086144787039,17,157.550003,-0.025452300372218906,19,158.259995,-0.004486237978207908,47,148.119995,0.06845800933223112,67,143.440002,0.03262683306432179,67,137.490005,0.04327585121551203,68,128.320007,0.07146195059044835,71,123.269997,0.04096706516509441,149,116.190002,0.06093463187994441,151,115.33999633789062,0.007369568488627465,164,112.33000183105469,0.026795993469313828,215,108.51000213623047,0.03520412800287298,,,
198,PFG,Principal Financial Group,Financials,198,113.529999,,243,112.970001,0.004957050500512983,217,113.980003,-0.00886122103365794,182,114.93,-0.008265874880362012,185,113.769997,0.010196036130685648,192,113.029999,0.0065469168056879745,171,113.809998,-0.006853519143370734,147,113.400002,0.003615484945053149,104,115.410004,-0.01741618516883514,125,114.849998,0.0048759774466866634,117,115.25,-0.0034707331887201542,67,115.129997,0.001042326093346535,64,113.699997,0.012576957235979513,67,113.949997,-0.0021939447703539505,79,113.18,0.006803295635271045,53,114.089996,-0.007976124392185868,65,111.290001,0.02515944806218484,80,109.400002,0.0172760417316995,147,107.32,0.0193813082370482,136,108.25,-0.008591224018475785,127,109.57,-0.01204709318244035,123,112.059998,-0.02222022170658966,115,113.949997,-0.016586213688096874,236,113.120003,0.007337287641337786,242,112.959999,0.0014164660182052202,234,112.919998,0.0003542419474713565,237,113.610001,-0.006073435383562642,237,112.230003,0.012296159343415436,246,111.669998,0.005014820542935672,242,110.739998,0.008398049636952454,203,112.879997,-0.018958177328796344,177,112.550003,0.002931976821004545,204,110.870003,0.015152881343387437,213,108.93,0.01780963003763869,219,107.779999,0.010669892472350062,201,108.510002,-0.006727518077089267,216,107.75,0.007053382830626509,240,105.440002,0.02190817484999652,227,106.69999694824219,-0.01180876321861557,184,112.36000061035156,-0.050373833656338296,208,111.2300033569336,0.01015911147642412,,,
199,JKHY,Jack Henry & Associates,Financials,199,154.889999,,250,149.869995,0.03349572407739121,244,153.309998,-0.022438216977864744,161,155.860001,-0.01636085579134572,159,152.309998,0.02330774766342003,182,153.630005,-0.008592117145345468,170,155.080002,-0.009349993431132408,146,155.949997,-0.005578679171119094,113,156.940002,-0.006308175018374218,129,154.350006,0.016780018784061435,115,156.630005,-0.014556591503652183,94,156.529999,0.0006388935069245871,77,154.039993,0.01616467224845941,65,154.240005,-0.0012967582567180447,43,161.149994,-0.04287923833245688,35,157.429993,0.023629557043809202,32,152.979996,0.029088750924009643,25,150.580002,0.015938331572076914,23,148.229996,0.015853781713655257,29,146.154999,0.014162506454228119,39,148.899994,-0.018435158566896814,31,153.160004,-0.02781411523076216,44,151.669998,0.009823999602083466,70,153.839996,-0.014105551588807996,83,148.470001,0.036168889094302825,85,145.369995,0.021324937102735753,87,150.729996,-0.03556028091449037,95,150.320007,0.002727441331212832,109,150.220001,0.0006657302578503277,150,147.369995,0.019339119879864253,168,146.710007,0.004498588838592221,199,146.380005,0.002254419925726836,218,146.869995,-0.0033362158145370246,277,142.419998,0.031245590945732094,294,137.740005,0.033977006171881596,292,136.729996,0.007386886780863966,294,135.0,0.012814785185185196,317,128.710007,0.048869494661747614,353,128.05999755859375,0.00507581610301111,361,125.25,0.022435113772455217,386,123.41999816894531,0.014827435015839052,,,
200,HTZ,HERTZ GLOBAL HLDGS INC,Industrials,200,2.07,,133,2.16,-0.04166666666666685,114,2.24,-0.0357142857142857,50,2.345,-0.04477611940298509,11,2.8,-0.16249999999999987,13,2.45,0.1428571428571428,179,2.12,0.1556603773584906,162,2.27,-0.06607929515418498,,,,,,,,,,,,,,,,,,,,,,,,,,,,,,,,,,,,,,,,,,,,,,,,,,,,,,,,,,,,,506,2.17,-0.055299539170507006,502,2.0476,0.10152284263959399,490,2.1,-0.06190476190476191,497,2.05,0.024390243902439046,495,2.11,-0.03301886792452846,,,,,,,,,,,,,,,,,,,,,,,,,,,
201,GLBE,Global-E Online Ltd. - ordinary shares,,201,41.43,,275,41.18,0.00607090820786782,218,42.360001,-0.027856491315946807,229,42.189999,0.004029438351017767,266,40.549999,0.04044389742155108,,,,,,,,,,,,,,,,,,,203,40.200001,0.03308452654018579,184,39.310001,0.022640548902555402,145,39.869999,-0.01404559854641585,175,40.259998,-0.00968700991987137,269,38.900002,0.03496133496342746,,,,,,,,,,,,,,,,,,,,,,,,,,,,,,,,,,,,,,,,,,,,,,,,,,,,,,,,,,,,,,,,,,,,,,,,,,,,,,
202,QBTS,D WAVE QUANTUM,Information Technology,202,19.990101,,157,20.870001,-0.042160994625730974,158,21.17,-0.014170949456778659,258,20.9,0.01291866028708144,311,20.74,0.0077145612343298975,317,20.23,0.025210084033613356,377,20.190001,0.001981129173792562,384,20.76,-0.027456599229287226,417,19.405001,0.06982730894989397,375,21.389999,-0.09280028484339808,,,,,,,,,,,,,,,,,,,,,,,,,,,,,,,,,,,,,,,,,,,,,,,,,,,,,,,,,,,,,,,,,,,,,,,,,,,,,,,,,,,,,,,,,,,,,,,,
203,NOVT,NOVANTA,Information Technology,203,160.740005,,200,168.75,-0.04746663703703702,233,166.580002,0.013026761759793892,176,167.25,-0.004005967115097153,152,167.039993,0.001257225866861722,161,167.710007,-0.003995074664805087,223,163.860001,0.02349570350606789,157,166.369995,-0.015086818990407314,158,163.320007,0.018674919601246343,,,,,,,,,,,,,,,,,,,,,,,,,,,,,,,350,145.25,-0.013700550774526699,351,145.850006,-0.004113856532854787,341,143.550003,0.016022312448157994,325,148.710007,-0.03469843155881225,333,149.669998,-0.006414050997715637,374,146.839996,0.019272691889749005,387,146.619995,0.0015004842961563458,325,149.779999,-0.0210976366744402,309,156.649994,-0.04385569909437714,368,151.660004,0.032902478362060394,332,148.589996,0.0206609333242056,352,147.850006,0.005005004869597318,302,164.889999,-0.1033415798613716,302,161.720001,0.019601768367537797,263,163.699997,-0.01209527206038985,250,162.240005,0.008998964219706584,282,157.744995,0.0284627892234548,288,157.550003,0.0012376515156269363,306,160.429993,-0.01795169311015299,340,152.0,0.055460480263157974,312,151.33999633789062,0.004361067909635752,282,155.66000366210938,-0.027752845233127266,,,
204,AEP,American Electric Power,Utilities,204,126.803802,,238,126.529999,0.002163937423250939,247,125.599998,0.007404466678415211,222,125.379997,0.0017546738336577938,235,124.650002,0.005856357707880289,232,123.580002,0.008658358817634548,231,122.839996,0.006024145425729266,193,125.730003,-0.02298581826964563,203,125.260002,0.00375220335698212,191,126.470001,-0.00956747837773797,165,128.350006,-0.014647486654578046,158,128.320007,0.00023378271792018346,138,127.849998,0.0036762534794878565,175,127.779999,0.0005478087380481611,178,129.399994,-0.012519281878791921,166,133.020004,-0.02721402714737553,150,133.589996,-0.004266726679144517,105,135.539993,-0.014386875466342985,96,134.919998,0.004595278751783116,95,133.070007,0.01390238898837648,108,130.479996,0.01984987032035157,113,131.050003,-0.004349538244573736,108,132.139999,-0.008248796793164703,192,133.130005,-0.007436385208578811,188,132.5,0.00475475471698128,169,134.940002,-0.018082125121059334,182,135.630005,-0.005087391982327327,158,135.429993,0.0014768663541171456,168,133.850006,0.011804160845536149,168,135.899994,-0.01508453341064886,140,137.529999,-0.011851996014338728,145,135.979996,0.011398757505479029,137,138.509995,-0.018265822621681638,139,135.050003,0.025620080882190033,152,136.809998,-0.01286452032548091,132,137.970001,-0.008407646528900026,130,138.690002,-0.0051914412691406175,134,137.0,0.012335781021897807,152,134.9600067138672,0.015115537153165715,150,133.74000549316406,0.009122191972401827,206,130.3000030517578,0.0264006287091183,,,
205,AMZN,Amazon,Consumer Discretionary,205,260.559998,,203,261.309998,-0.002870154244920986,216,262.649994,-0.005101831451022165,210,265.130005,-0.009353943172142998,164,267.279999,-0.008043976384480622,140,272.269989,-0.01832735961215337,105,278.089996,-0.02092850186527373,94,274.480011,0.013152087056714556,61,272.26001,0.008153973842871531,56,272.649994,-0.0014303466296792244,45,277.420013,-0.01719421374261121,24,284.019989,-0.023237716553816345,50,271.579987,0.04580603356461599,189,235.5,0.15320588959660308,246,226.649994,0.039047016255381095,211,230.860001,-0.018236190685973486,178,231.389999,-0.0022904965741409322,186,232.110001,-0.003101986113902999,184,233.660004,-0.006633582870262944,140,244.850006,-0.04570145691562699,188,247.550003,-0.010906875246533554,148,249.990005,-0.009760398220720834,197,247.229996,0.011163730310459474,257,249.889999,-0.010644695708690532,195,254.960007,-0.019885503062446963,259,247.490005,0.03018304516984438,257,247.309998,0.0007278597770234985,305,245.339996,0.008029681389576604,311,247.039993,-0.006881464735145171,319,243.619995,0.01403824837940748,318,245.979996,-0.009594280178783388,326,244.160004,0.007454095552849038,292,242.669998,0.006140050324638713,318,241.699997,0.004013243740338179,360,238.339996,0.01409751219430233,356,240.139999,-0.007495640074521637,385,232.690002,0.03201683328018534,398,227.009995,0.025020955575105752,402,234.27000427246094,-0.03098992135587275,423,234.11000061035156,0.0006834522203944537,427,232.7899932861328,0.005670381200621355,,,
206,ECHO,EchoStar,Communication Services,206,90.635002,,230,92.510002,-0.020268078688399527,234,91.889999,0.006747230457582187,267,91.68,0.002290565008725931,233,92.5,-0.008864864864864819,266,87.980003,0.0513752767205522,281,89.150002,-0.013123936890096832,279,90.040001,-0.009884484563699725,308,87.029999,0.034585798398090395,309,87.730003,-0.0079790718803463,256,91.599998,-0.04224885463425454,340,85.629997,0.06971857070133969,331,84.089996,0.018313724262752906,325,86.129997,-0.02368513956873819,330,83.889999,0.02670160956850176,312,85.93,-0.023740265332247268,306,86.690002,-0.0087668933264069,302,87.879997,-0.013541136101768325,303,91.510002,-0.03966784964117909,163,92.279999,-0.008344137498310977,174,94.760002,-0.026171411435808034,173,90.330002,0.049042399002714676,169,92.0,-0.018152152173913083,254,91.540001,0.0050251146490591925,273,96.57,-0.05208655897276582,264,94.5,0.02190476190476187,284,92.900002,0.01722279833750706,283,96.0,-0.03229164583333333,305,97.959999,-0.020008156594611637,293,96.279999,0.017449106953148164,286,97.910004,-0.016647992374711706,304,98.290001,-0.0038660799281099445,297,101.5,-0.03162560591133001,303,100.879997,0.0061459458608033035,310,101.5,-0.006108403940886631,301,100.839996,0.006545061743159941,289,97.300003,0.0363822496490569,303,97.190002,0.0011318139493401436,,,,,,,,,,,,
207,RKLB,Rocket Lab Corporation - Common Stock,,207,80.216301,,228,82.080002,-0.022705908316132728,243,80.25,0.022803763239875208,383,80.099998,0.0018726841915777115,395,81.169998,-0.013182210500978564,385,80.010002,0.014498137370375419,402,80.040001,-0.000374800095267358,390,82.830002,-0.03368345928568239,451,75.669998,0.0946214376799639,463,74.82,0.011360572039561756,482,74.480003,0.004564943425150014,499,70.43,0.05750394718159857,497,64.949997,0.08437264438980674,493,64.68,0.004174350649350567,485,58.599998,0.10375430388239959,456,63.889999,-0.08279857697289994,448,66.940002,-0.04556323437217713,479,63.91,0.04741045219840423,482,69.989998,-0.08686952670008652,488,69.75,0.0034408315412186585,500,69.120003,0.00911453953495922,498,65.739998,0.051414741448577495,502,67.620003,-0.027802498027099998,495,67.349998,0.0040089830440677154,489,76.199997,-0.11614172373261378,504,78.809998,-0.033117638196108024,496,76.730003,0.02710797495993833,495,81.040001,-0.053183587695168066,493,82.550003,-0.018291967839177414,491,83.349998,-0.009598020626227166,499,83.410004,-0.0007194101081687831,468,93.089996,-0.10398530901215208,463,100.459999,-0.07336256294408283,473,100.07,0.003897261916658401,492,101.650002,-0.015543551096044328,498,97.949997,0.037139066684235056,497,84.540001,0.15862308778539047,506,80.690002,0.04771345773420599,496,85.41000366210938,-0.055262870611737624,490,95.12000274658203,-0.10208156742804131,494,100.29000091552734,-0.05155048308355292,,,
208,APPF,"AppFolio, Inc. - Class A Common Stock",,208,203.779999,,285,195.964996,0.039879586454307336,228,204.210007,-0.040375156541667345,163,203.970001,0.0011766730343840681,204,196.770004,0.036590927751366076,198,203.020004,-0.030785143714212482,182,199.539993,0.017440167996798372,174,198.740005,0.004025299284862172,215,194.110001,0.023852475277664764,240,193.0,0.005751300518134883,167,199.529999,-0.03272690338659301,155,191.690002,0.04089935269550482,168,180.190002,0.06382152101868566,165,176.020004,0.023690477816373567,71,186.994995,-0.058691362300899996,100,178.270004,0.048942563550960605,92,168.740005,0.056477413284419464,134,165.050003,0.02235687326827862,,,,,,,,,,,,,,,,,,,,,,,,,,,,,,,,,,,,,,,,,,,,,,,,,,,,,,,,,,,,,,,,,,,,,,,,
209,KSPI,Joint Stock Company Kaspi.kz - American Depository Shares,,209,98.959999,,204,99.050003,-0.0009086723601614555,165,98.699997,0.0035461601888397976,170,99.459999,-0.007641283004637844,163,99.550003,-0.0009041084609511252,,,,,,,,,,,,,,,,,,,,,,,,,,,,,,,,,,,,,,,,,,,,,,,,,,,,,,,,,,,,,,,,,,,,,,,,,,,,,,,,,,,,,,,,,,,,,,,,,,,,,,,,,,,,,,,
210,RELY,REMITLY GLOBAL INC,Financials,210,26.35,,245,26.299999,0.001901178779512458,286,26.299999,0.0,277,25.620001,0.026541685146694638,249,24.23,0.05736694180767632,288,23.610001,0.026260015829732586,310,23.139999,0.020311236832810664,252,24.42,-0.05241609336609343,148,25.93,-0.05823370613189349,,,,,,,,,,,,,,,,261,23.290001,0.006869900950197572,264,23.33,-0.0017144877839690986,270,22.66,0.02956751985878192,228,22.530001,0.005770039690633055,146,22.870001,-0.01486663686634726,151,23.110001,-0.010385114219597091,143,23.83,-0.03021397398237502,118,23.860001,-0.0012573763094143597,98,24.129999,-0.011189308379167429,32,25.23,-0.04359892984542202,,,,,,,,,,54,23.77,-0.003786285233487563,87,23.559999,0.00891345538681887,100,23.1,0.019913376623376555,98,24.129999,-0.04268541411874904,103,24.23,-0.004127156417664035,122,23.75,0.020210526315789457,210,22.950001,0.03485834270769739,178,22.41,0.024096430165104765,158,22.790001,-0.016674022962965163,171,22.370001,0.018775144444562297,226,21.74,0.028978886844526208,306,21.450000762939453,0.013519766269474598,348,20.399999618530273,0.051470637254902085,342,20.65999984741211,-0.012584704743465736,,,
211,CDNS,Cadence Design Systems,Information Technology,211,317.440002,,201,323.470001,-0.018641601945647013,308,324.820007,-0.004156166402643935,315,323.769989,0.0032430986060292266,333,323.130005,0.001980577445910736,321,327.529999,-0.013433865641113374,313,331.910004,-0.013196363312990234,288,339.23999,-0.02160708116988197,261,338.420013,0.0024229565879723136,246,337.070007,0.004005120514920302,226,340.619995,-0.010422136257738024,189,336.149994,0.01329763819659635,169,340.019989,-0.011381669093577962,204,332.820007,0.021633260767283335,193,332.76001,0.000180301112504333,186,344.720001,-0.03469479857654101,193,338.609985,0.01804440586712186,230,326.23999,0.03791685685130153,229,330.459991,-0.012770081446864201,256,337.01001,-0.019435680857076032,248,344.640015,-0.022139057184059063,304,329.929993,0.044585282672375826,291,330.109985,-0.0005452485782881933,369,364.649994,-0.09472099154895364,348,371.5,-0.018438777927321737,334,376.799988,-0.014065786010587611,361,377.920013,-0.0029636562274356626,346,384.170013,-0.016268838765403637,351,385.950012,-0.004611993638181433,329,374.059998,0.031786382033825555,380,371.059998,0.00808494587444053,370,375.769989,-0.01253423939611098,380,373.140015,0.00704822290367324,389,377.730011,-0.012151525868565383,303,375.320007,0.006421197791355748,302,372.720001,0.006975761947371151,284,377.269989,-0.012060296691131733,312,368.230011,0.024549813241593776,275,372.3999938964844,-0.011197591480090141,205,379.05999755859375,-0.017569788516698104,171,389.0400085449219,-0.025652916844344342,,,
212,CASY,Casey's,Consumer Staples,212,870.955017,,223,870.01001,0.001086202444958051,199,846.450012,0.02783389174315465,149,853.780029,-0.008585369475771598,215,839.030029,0.017579823713317788,242,829.909973,0.010989211235807206,160,854.460022,-0.028731653170310567,179,833.950012,0.024593812224802614,207,832.419983,0.001838049339572434,117,852.859985,-0.023966421639537994,128,850.659973,0.002586241353570884,83,860.369995,-0.011285867773666358,62,871.0,-0.012204368541905875,79,867.5,0.004034582132564912,70,867.159973,0.0003921156540742654,69,856.859985,0.01202061968152246,81,853.380005,0.004077878529624268,84,861.630005,-0.009574875471055622,102,875.25,-0.01556126249642964,135,856.73999,0.0216051663469099,150,858.26001,-0.0017710483796162801,156,866.460022,-0.009463808821868591,167,859.119995,0.008543657513174319,306,827.039978,0.03878895561684681,355,808.48999,0.022943992169896843,320,847.190002,-0.045680439935125716,326,859.099976,-0.013863315484483163,144,819.830017,0.04790012342278027,139,822.0,-0.0026398819951338748,135,843.099976,-0.02502665947175875,183,801.98999,0.051259973955535276,201,807.179993,-0.006429796383716768,184,797.419983,0.012239485099535097,189,784.280029,0.016754161159444836,194,794.789978,-0.013223555015687394,231,780.23999,0.018648093133498467,247,778.630005,0.0020677150760457508,289,784.710022,-0.007748106726741866,294,801.3499755859375,-0.020764902350231096,257,831.8900146484375,-0.03671163068353456,323,831.6699829101562,0.00026456648009132167,,,
213,KMB,Kimberly-Clark,Consumer Staples,213,109.055,,247,107.910004,0.010610656635690718,221,110.389999,-0.02246575797142636,172,110.699997,-0.002800343345989331,184,108.93,0.0162489396860368,211,108.57,0.0033158331030673782,208,108.019997,0.005091677608545009,138,109.68,-0.015134965353756358,154,108.660004,0.009387041804268748,153,112.370003,-0.03301591973793927,149,111.57,0.007170413193510861,188,107.559998,0.03728153658016997,151,109.309998,-0.0160095145185164,141,110.190002,-0.007986241800776228,126,113.209999,-0.026676062420952662,116,113.089996,0.001061128342422002,136,111.440002,0.014806119619416247,119,109.699997,0.015861486304325156,120,107.309998,0.022271913563916,84,108.879997,-0.01441953566549059,117,108.050003,0.0076815731323949255,110,108.480003,-0.003963864197164435,114,108.349998,0.0011998615819079905,141,108.989998,-0.0058720984654022645,155,106.529999,0.023092077565869396,152,106.82,-0.002714856768395335,139,110.18,-0.030495552731893416,113,112.410004,-0.019838127574481668,124,109.93,0.022559847175475323,134,110.980003,-0.009461190949868636,64,114.739998,-0.03276969727679446,87,113.010002,0.015308344123381223,91,114.720001,-0.01490584889377744,111,111.440002,0.029432869177443033,120,109.769997,0.015213674461519888,127,109.910004,-0.0012738330898431904,134,109.370003,0.004937377573263957,125,108.099998,0.011748427599415745,144,106.7300033569336,0.012836081340689143,183,103.94999694824219,0.026743685235508075,222,100.5,0.03432832835820898,,,
214,TTEK,"Tetra Tech, Inc. - Common Stock",,214,35.810001,,248,35.82,-0.000279145728643182,236,36.509998,-0.01889887805526591,197,36.43,0.0021959374142190846,212,35.5,0.026197183098591648,219,35.380001,0.003391718389154308,218,35.040001,0.009703196070114384,202,35.439999,-0.011286625600638533,212,34.73,0.02044339188021893,202,34.290001,0.012831699829930043,163,35.029999,-0.02112469372322845,128,33.830002,0.03547138424644469,118,33.16,0.02020512665862495,140,32.450001,0.02187978360925147,121,33.779999,-0.03937235166880837,171,33.509998,0.008057326652182839,203,31.889999,0.05079959394166189,196,31.709999,0.005676442941546567,230,30.57,0.03729142950605158,181,30.98,-0.013234344738541015,215,30.51,0.015404785316289749,222,31.27,-0.024304445155100662,216,31.59,-0.01012978790756569,100,32.029999,-0.013737090656793183,159,31.33,0.022342770507500775,148,31.110001,0.00707164876015276,132,31.17,-0.001924895733076748,176,30.99,0.005808325266215109,181,30.940001,0.0016159986549451055,188,30.790001,0.0048717114364498215,191,30.93,-0.004526317491108989,189,31.15,-0.007062600321027235,209,29.9,0.041806020066889715,281,29.18,0.024674434544208257,254,28.889999,0.010038110420149238,251,28.879999,0.0003462603998012348,217,29.26,-0.012987047163362964,220,28.440001,0.028832593922904604,205,28.579999923706055,-0.0048984954513645595,218,28.040000915527344,0.019258166217611672,292,27.149999618530273,0.03278088397790069,,,
215,MCHP,Microchip Technology,Information Technology,215,76.529999,,174,80.260002,-0.046473995851632255,207,79.169998,0.013767892226042466,255,77.690002,0.019050018817093006,224,79.440002,-0.022029203876404724,169,81.019997,-0.019501296698394066,204,81.389999,-0.004546037652611301,143,84.690002,-0.03896567389383232,259,74.360001,0.1389187851140563,188,77.790001,-0.04409307052200717,180,80.669998,-0.03570096778730558,194,75.220001,0.07245409369244782,245,74.290001,0.012518508379075088,267,75.010002,-0.009598733246267588,295,71.370003,0.051001805338301676,259,75.709999,-0.05732394739564051,311,77.900002,-0.028113003129319636,259,78.860001,-0.012173459140585097,232,81.349998,-0.030608445743293133,295,85.019997,-0.0431663035697355,301,83.379997,0.019668986075880968,291,80.510002,0.03564768263202889,280,80.959999,-0.005558263408575348,178,81.68,-0.008814899608227345,77,86.260002,-0.05309531525399214,70,87.110001,-0.009757765930917595,117,84.230003,0.03419206811615583,70,88.589996,-0.0492154102817659,122,88.260002,0.0037388850274442387,123,85.489998,0.032401498009158924,198,84.150002,0.015923897423080202,170,87.589996,-0.03927382300599713,183,84.639999,0.03485346213201157,72,88.690002,-0.04566470750558782,73,91.199997,-0.027521875905324733,135,89.059998,0.024028733977739414,150,87.93,0.012851108836574365,109,94.120003,-0.06576713560028247,85,92.4800033569336,0.017733563438573796,73,93.26000213623047,-0.008363703444913106,49,102.70999908447266,-0.09200659226956076,,,
216,TXN,Texas Instruments,Information Technology,216,271.130005,,179,282.910004,-0.0416386795569097,232,279.579987,0.011910784587024104,260,273.429993,0.022492024128457633,258,276.589996,-0.011424863681620545,221,281.23999,-0.01653390045988834,257,280.440002,0.0028526172953029505,220,286.079987,-0.01971471356365806,213,278.399994,0.02758618234740351,165,277.720001,0.0024484840758731696,172,283.630005,-0.020837019694019854,159,269.040009,0.05422983761496969,147,275.73999,-0.024298183952207952,144,278.76001,-0.010833763422522624,135,271.299988,0.02749731783991094,107,277.070007,-0.020825130307229545,196,279.410004,-0.008374778878711964,150,279.579987,-0.0006079941623289287,139,284.98999,-0.01898313340759783,227,294.190002,-0.03127234758984099,227,291.299988,0.009921092066780268,179,284.070007,0.025451405716338193,186,284.019989,0.00017610732320672007,59,291.220001,-0.024723617798490527,45,301.190002,-0.03310203172016302,41,305.549988,-0.014269305093214335,33,298.570007,0.02337803810280259,33,311.459991,-0.04138568154007305,55,308.529999,0.009496619484318014,46,301.320007,0.023928022807991,73,293.299988,0.02734408226433338,67,303.5,-0.033607947281713346,75,293.079987,0.035553478443411946,51,298.410004,-0.01786138845398766,64,298.070007,0.0011406615627718164,97,285.480011,0.044101147242844974,101,285.424988,0.00017523736547175872,61,311.809998,-0.08461887100874821,54,303.1099853515625,0.028702495564440156,44,304.3599853515625,-0.004106978780407,47,332.2799987792969,-0.08402556303125541,,,
217,FTNT,Fortinet,Information Technology,217,156.580002,,249,155.850006,0.004683965170973359,192,160.009995,-0.025998307168249024,171,165.440002,-0.03282160864577355,211,160.839996,0.028599888798803264,160,161.889999,-0.006485904048958435,134,164.210007,-0.014128298526897898,181,159.639999,0.02862696084081029,115,160.110001,-0.0029354943293019575,92,164.130005,-0.024492803738109914,79,168.289993,-0.024719164377171254,58,163.210007,0.031125456663941176,72,161.949997,0.007780240959189388,90,154.25,0.049918943273906,133,153.220001,0.006722353434784223,136,149.979996,0.02160291429798411,118,152.380005,-0.015750156984179253,79,152.369995,6.569534900902063e-05,95,151.539993,0.005477115206148797,69,155.050003,-0.02263792281255228,69,158.100006,-0.019291605845985882,61,160.360001,-0.014093258829550703,65,161.610001,-0.007734669836429231,190,160.779999,0.0051623460950513955,131,164.509995,-0.02267337008915471,106,166.830002,-0.013906413547846164,123,160.619995,0.03866272689150585,135,157.509995,0.019744778736104918,143,163.729996,-0.0379893797835309,218,156.710007,0.044796048027743396,226,158.669998,-0.012352625100556236,193,162.350006,-0.02266712574066687,251,156.25,0.03904003840000003,217,158.979996,-0.017171946588802278,179,153.619995,0.03489129784179479,108,155.419998,-0.011581540491333753,110,151.350006,0.026891257605896612,136,149.929993,0.009471173656361076,175,145.27999877929688,0.03200711751106211,120,148.0,-0.018378385135135122,163,145.38999938964844,0.017951723075532833,,,
218,OLLI,"Ollie's Bargain Outlet Holdings, Inc. - Common Stock",,218,77.529999,,273,74.93,0.034699039103162965,248,76.489998,-0.02039479723871862,179,77.690002,-0.015446054435678924,179,78.25,-0.007156523961661221,154,78.709999,-0.005844225712669626,144,79.379997,-0.008440388326041437,81,81.639999,-0.02768253341110405,81,77.970001,0.04706935940657497,178,78.400002,-0.005484706492737135,211,77.099998,0.016861271513911147,318,74.669998,0.03254319090781266,333,73.470001,0.016333156168053087,350,72.739998,0.010035785263562857,325,71.370003,0.01919566964288899,365,68.970001,0.03479776664060075,389,66.769997,0.032948990547356116,402,66.309998,0.00693709868608372,407,65.239998,0.01640098149604463,385,66.449997,-0.01820916560763719,411,66.0,0.006818136363636373,397,67.43,-0.021207177814029476,421,66.510002,0.013832475903398755,412,66.959999,-0.006720385405023621,429,65.459999,0.02291475745363214,419,65.940002,-0.007279390134079966,409,65.330002,0.009337210796350748,412,64.900002,0.006625577607840327,421,63.720001,0.01851853392155456,458,61.880001,0.02973497043091511,338,68.029999,-0.0904012654770141,390,69.169998,-0.0164811194587573,336,74.209999,-0.06791538967680066,342,75.510002,-0.017216302020492624,348,76.879997,-0.017819914847291174,391,72.330002,0.06290605383918013,361,71.910004,0.005840605988562952,381,71.410004,0.00700182008111927,374,74.08999633789062,-0.03617211694815048,417,72.79000091552734,0.01785952716225392,411,73.41999816894531,-0.008580727555999146,,,
219,VISN,VISTANCE NETWORKS INC,Information Technology,219,11.245,,190,11.66,-0.03559176672384223,182,11.53,0.011274934952298477,186,11.35,0.01585903083700435,115,11.58,-0.019861830742659792,115,11.7,-0.01025641025641022,161,11.42,0.024518388791593626,207,10.94,0.04387568555758681,280,10.1,0.08316831683168324,,,,,,,,,,,,,,,,,,,194,11.82,-0.022842639593908642,197,11.85,-0.0025316455696201556,165,11.8,0.004237288135593209,155,11.94,-0.011725293132328174,186,12.08,-0.011589403973509937,137,12.48,-0.03205128205128205,177,11.91,0.04785894206549113,165,12.13,-0.01813685078318228,348,12.08,0.004139072847682224,330,12.32,-0.019480519480519543,353,12.09,0.01902398676592232,299,12.13,-0.0032976092333059093,263,12.49,-0.028823058446757366,251,12.6,-0.0087301587301587,220,12.39,0.016949152542372836,,,,,,,,,,,,,,,,,,,,,,,,,,,,,,,,,,,,
220,COO,Cooper Companies (The),Health Care,220,76.404999,,270,75.099998,0.0173768446704885,260,76.169998,-0.01404752564126377,187,76.599998,-0.005613577170067163,147,76.730003,-0.0016943176712764796,195,76.82,-0.0011715308513408074,192,76.32,0.006551362683438144,219,74.230003,0.028155690630916386,198,73.32,0.012411388434260928,205,74.839996,-0.020309942293422978,212,74.690002,0.002008220591559029,225,74.230003,0.006196941686773316,205,72.32,0.026410439712389433,223,72.650002,-0.0045423536258127895,205,73.059998,-0.005611771300623292,238,72.059998,0.013877324837005878,257,70.290001,0.02518134834000052,193,70.309998,-0.0002844118982906485,158,70.230003,0.0011390430952993302,149,70.5,-0.003829744680851066,160,71.010002,-0.007182114992758337,137,71.589996,-0.008101606822271679,170,71.709999,-0.0016734486358032097,137,73.099998,-0.019015034719973678,182,70.599998,0.035410765875659056,219,68.510002,0.030506436125925074,189,71.32,-0.03939985978687599,217,70.699997,0.008769491178337585,190,71.019997,-0.004505773212015285,202,69.610001,0.02025565263244289,83,71.889999,-0.03171509294359576,68,72.610001,-0.009916016940971994,56,74.199997,-0.02142851838659776,79,71.949997,0.03127171777366433,104,71.709999,0.0033467857111530996,92,71.389999,0.004482420569861478,87,71.019997,0.005209828437475084,100,70.639999,0.005379360212052209,123,68.83000183105469,0.02629662861262161,170,66.1500015258789,0.04051398214621349,186,65.41999816894531,0.011158728558811504,,,
221,DPZ,Domino's,Consumer Discretionary,221,340.880005,,229,335.420013,0.0162780746180462,213,346.269989,-0.031333861855409095,114,350.880005,-0.013138440305254684,101,353.720001,-0.008028938120465678,97,357.339996,-0.010130394135897336,82,347.850006,0.027281845152533846,66,350.950012,-0.008833183912243303,46,358.429993,-0.020868736283461642,48,366.609985,-0.02231251830197689,35,367.630005,-0.0027745831029216683,40,364.410004,0.008836203629579709,53,347.440002,0.04884297116714853,41,352.25,-0.013655068843151152,30,360.0,-0.021527777777777812,36,350.470001,0.027192053450531883,30,343.529999,0.020202026082735358,30,332.970001,0.03171456277828444,32,323.25,0.03006960866202646,67,319.829987,0.01069322183351118,114,326.339996,-0.019948547771631353,120,328.970001,-0.007994665142734503,166,322.179993,0.021075200656547333,215,329.670013,-0.022719749157166902,332,310.869995,0.06047549876918801,288,309.850006,0.0032918798781627068,328,309.850006,0.0,379,299.459991,0.03469583688059363,362,300.880005,-0.0047195359492232525,356,302.350006,-0.004861918210115834,274,313.140015,-0.03445745827150193,318,305.910004,0.02363443792442954,281,311.660004,-0.018449592267861248,332,304.179993,0.02459073960199598,351,296.040009,0.027496229403235928,338,294.049988,0.006767628230612388,317,298.179993,-0.01385071130510096,345,285.440002,0.04463281569063349,361,287.6199951171875,-0.007579420895268529,387,283.0299987792969,0.0162173480416119,369,295.1099853515625,-0.04093384369898567,,,
222,INTC,Intel,Information Technology,222,96.584999,,120,103.489998,-0.06672141398630627,155,102.5,0.00965851707317067,190,104.559998,-0.01970158798205024,275,100.949997,0.03576028833363898,274,97.709999,0.03315932896488927,334,97.519997,0.0019483388622334452,319,101.650002,-0.04062965980069533,314,99.809998,0.018435066995993843,287,101.059998,-0.012368890013237488,370,100.860001,0.001982916894874842,397,91.0,0.10835165934065927,399,90.199997,0.00886921315529543,415,91.129997,-0.010205201696648847,411,81.879997,0.11297020443222539,419,86.300003,-0.05121675372363543,419,91.669998,-0.05857963474592853,423,92.32,-0.007040749566724291,412,100.230003,-0.07891851504783454,407,102.620003,-0.023289806374299227,383,105.449997,-0.026837307543972733,371,97.059998,0.08644136794645307,403,95.040001,0.02125417696491816,379,96.980003,-0.020004144565761606,338,102.989998,-0.058355132699390855,128,107.760002,-0.04426506970554811,181,103.120003,0.04499611001756865,122,109.839996,-0.061179836532404885,132,112.540001,-0.023991513915127882,84,110.239998,0.02086359798373727,162,110.389999,-0.0013588278046818836,59,122.199997,-0.0966448305231955,87,120.349998,0.015371824102564657,44,127.019997,-0.05251140889256989,40,139.630005,-0.09031015933860354,66,131.720001,0.060051654569908575,73,128.320007,0.026496211148118176,54,132.869995,-0.03424390886746087,45,131.64999389648438,0.009267003840501387,39,132.27999877929688,-0.004762662570023224,45,140.94000244140625,-0.06144460676252861,,,
223,CLBK,COLUMBIA FINANCIAL INC,Financials,223,11.71,,145,11.68,0.0025684931506850806,116,11.79,-0.009329940627650468,501,11.71,0.0068317677198974636,503,11.65,0.005150214592274827,,,,,,,,,,,,,,,,502,10.74,0.0027932960893854997,491,10.64,0.009398496240601517,478,10.81,-0.015726179463459777,467,10.95,-0.012785388127853792,455,10.91,0.0036663611365719273,470,10.99,-0.007279344858962755,414,10.85,0.012903225806451646,314,10.88,-0.0027573529411766273,205,11.01,-0.01180744777475018,229,10.94,0.006398537477148025,314,11.08,-0.01263537906137191,,,,,,,,,,,,,,,,,,,,,,,,,,,,,,,,,,,,,,,,,,,,,,,,,,,,,,,,,,,,,,,
224,ROP,Roper Technologies,Information Technology,224,399.26001,,280,389.709991,0.024505450772495108,246,399.339996,-0.02411480216471973,175,397.5,0.004628920754716992,177,395.230011,0.005743463139999294,210,399.5,-0.010688332916145238,174,403.890015,-0.010869332830622191,167,402.25,0.004077103791174652,175,397.079987,0.013020079503528237,200,394.529999,0.006463356415135513,191,392.76001,0.004506540775370604,169,392.570007,0.0004839977497315129,133,391.970001,0.001530744695944053,95,389.25,0.006987799614643686,60,408.070007,-0.04611955467729334,92,390.920013,0.04387085191261364,134,375.019989,0.04239780402745397,132,367.339996,0.020907042749573224,171,355.119995,0.03441090665705815,243,336.709991,0.054676144136156735,234,350.690002,-0.03986429872614383,181,362.839996,-0.03348581780934645,210,363.140015,-0.0008261799515539847,44,364.209991,-0.0029377996936936768,79,348.51001,0.045048866745606375,79,346.649994,0.0053656888279076664,76,360.589996,-0.03865887061381479,93,355.899994,0.01317786479086025,104,355.940002,-0.00011240096582343373,105,354.890015,0.0029586264916470206,74,363.76001,-0.024384194953150584,83,364.25,-0.0013452024708303645,85,364.200012,0.00013725425138089165,114,354.679993,0.02684115029854528,119,338.390015,0.04813965329325698,102,334.799988,0.010722900623282072,82,338.309998,-0.01037512938059848,87,332.420013,0.017718503007218223,95,331.6000061035156,0.00247287993112999,96,329.5400085449219,0.006251128675547335,126,325.0899963378906,0.013688557183408445,,,
225,AAPL,Apple Inc.,Information Technology,225,309.024994,,288,305.589996,0.011240544667568297,268,305.929993,-0.0011113555642778827,234,305.26001,0.002194794529424282,196,302.25,0.009958676592225046,188,304.910004,-0.008723898740954472,163,308.26001,-0.010867468667116409,124,313.329987,-0.01618095046868273,97,312.410004,0.002944793662881473,85,311.0,0.004533774919614153,98,309.380005,0.005236262763652189,84,303.420013,0.019642712229400727,51,308.910004,-0.0177721372856543,32,333.429993,-0.07353864233803353,21,338.190002,-0.01407495482376786,14,340.079987,-0.00555747198378953,13,336.910004,0.009408990419886631,20,333.019989,0.011681025549490354,35,321.660004,0.035316747058176334,36,325.890015,-0.012979872979538842,44,327.73999,-0.005644642266572242,50,326.589996,0.0035212162469300257,46,333.73999,-0.02142384555114296,110,333.26001,0.0014402568132911853,117,327.5,0.017587816793893207,210,314.859985,0.04014487582472581,202,317.309998,-0.007721196985416179,206,315.320007,0.006311020410449286,259,316.220001,-0.0028461008068874083,268,313.390015,0.009030236652562307,282,310.660004,0.008787777521563456,284,312.660004,-0.0063967247950268424,259,308.630005,0.01305770318734889,268,294.380005,0.04840682029338228,314,289.359985,0.017348701479922957,331,281.73999,0.02704619603344205,336,283.779999,-0.007188699017508959,373,275.149994,0.03136472901395004,351,293.0799865722656,-0.06117781423267232,334,294.29998779296875,-0.00414543340042528,335,297.010009765625,-0.009124345674410228,,,
226,DBX,"Dropbox, Inc. - Class A Common Stock",,226,34.080101,,279,33.380001,0.02097363627999882,203,34.419998,-0.030214905881168264,122,35.93,-0.04202621764542169,190,33.630001,0.06839128550724682,153,34.080002,-0.01320425391993818,129,34.59,-0.014744087886672586,112,34.810001,-0.006320051527720305,109,34.540001,0.007817023514272714,93,35.0,-0.013142828571428677,103,34.509998,0.014198841738559231,122,33.049999,0.04417546275871298,119,32.560001,0.015049078161883278,109,32.110001,0.014014325318769227,88,33.330002,-0.03660368817259607,82,32.060001,0.03961325515866321,80,30.540001,0.04977079077371349,180,29.190001,0.04624871372906081,233,28.43,0.026732360182905257,189,28.690001,-0.009062425616506609,180,29.42,-0.024813018354860716,157,30.530001,-0.03635771253332076,176,30.620001,-0.0029392552926434945,114,30.450001,0.005582922640954946,120,30.35,0.003294925864909315,132,29.969999,0.012679379802448487,215,29.58,0.01318455037187305,235,29.190001,0.013360705263422146,233,29.41,-0.007480414824889592,245,28.83,0.020117932708983766,228,28.85,-0.0006932409012132545,277,28.51,0.011925640126271508,287,28.559999,-0.0017506653274041994,329,28.41,0.005279795846532931,290,27.469999,0.03421918581067285,257,27.4,0.002554708029197217,263,26.639999,0.02852856713695817,331,25.08,0.06220091706539077,321,26.329999923706055,-0.04747436384352455,304,26.559999465942383,-0.008659601229653813,360,25.799999237060547,0.02945736548284361,,,
227,IESC,"IES Holdings, Inc. - Common Stock",,227,746.563171,,126,793.960022,-0.059696772742544923,196,756.179993,0.049961688155904405,239,748.440002,0.010341498288863438,182,766.330017,-0.02334505317961455,136,780.0,-0.01752561923076923,219,751.090027,0.03849068947895917,230,762.710022,-0.015235141357562987,134,768.429993,-0.00744371127117105,84,784.030029,-0.019897242991951836,236,760.359985,0.031130049538311777,244,724.98999,0.04878687359531675,293,744.539978,-0.026257808281182737,445,571.539978,0.30269098691115537,473,496.220001,0.15178746694654088,455,543.48999,-0.0869749027024399,462,603.22998,-0.09903352283651412,451,626.070007,-0.03648158631563403,386,663.700012,-0.056697309506753446,413,674.200012,-0.015574013368602535,412,647.919983,0.04056060885530677,405,621.039978,0.04328224583313367,417,613.02002,0.013082701605732217,419,609.580017,0.0056432345287986685,446,625.909973,-0.026089943768958013,450,616.150024,0.01584021523952739,444,602.909973,0.021960245464375472,462,625.539978,-0.03617675255921049,449,642.77002,-0.02680592041302743,452,619.289978,0.037914454995427116,421,609.469971,0.016112372171327216,368,670.789978,-0.09141461412829877,317,654.0,0.025672749235474024,211,699.97998,-0.06568756437862688,162,734.659973,-0.047205502238516606,246,722.969971,0.016169415700392875,271,714.900024,0.01128821755361975,234,766.539978,-0.06736759397042169,200,747.489990234375,0.02548527506033893,263,710.5399780273438,0.05200272066887135,219,754.739990234375,-0.05856323049743262,,,
228,KLAC,KLA Corporation,Information Technology,228,194.75,,211,205.759995,-0.053508919457351256,256,203.720001,0.010013714853653433,303,209.369995,-0.02698569104899673,331,208.25,0.005378127250900366,333,200.470001,0.03880879413972771,378,192.740005,0.04010582027327425,348,198.110001,-0.027106132819614714,340,193.220001,0.025307939005755564,310,192.800003,0.00217841282917397,351,195.449997,-0.013558424357509646,374,182.75,0.06949382763337897,404,182.820007,-0.00038292854895249917,418,180.330002,0.013808046206310154,412,170.190002,0.059580468187549585,384,190.800003,-0.10801887146720857,390,203.360001,-0.06176238167898129,325,210.520004,-0.03401103393480831,298,218.729996,-0.03753482444172862,375,214.690002,0.018817802237479198,352,217.559998,-0.013191744927300575,366,207.600006,0.047976838690457546,351,212.75,-0.024206787309048128,292,219.369995,-0.0301773038742148,263,224.5,-0.022850801781737262,166,230.369995,-0.02548072721015593,92,222.25,0.03653541057367815,74,231.520004,-0.04003975397305193,85,229.492004,0.008713837422205772,47,221.179993,0.03758030230157394,100,216.470001,0.02175817424235138,62,233.309998,-0.07217863419637938,46,235.550003,-0.009509679352455724,2,266.190002,-0.1151057469093072,2,301.709991,-0.11772891206642211,2,278.390015,0.08376728597827054,3,248.639999,0.11965096573218714,4,258.799988,-0.03925807369048251,4,240.47999572753906,0.07618093939090054,4,244.49000549316406,-0.016401525289346686,4,269.1600036621094,-0.09165551580241471,,,
229,HTHT,H World Group Limited - American Depositary Shares,,229,46.435001,,253,46.610001,-0.0037545590269350004,,,,,,,,,,,,,,,,,,,,,,,,,,,,316,42.630001,-0.007506450680120791,302,42.689999,-0.0014054345609143537,310,42.25,0.01041417751479301,319,43.25,-0.023121387283236983,327,42.849998,0.009334936258340143,320,41.830002,0.024384316309619125,348,40.470001,0.033605163488876544,372,40.619999,-0.003692713040194695,357,40.490002,0.0032105950501064573,,,,,,,,,,,,,,,,,,,,,,,,,,,,,,,,,,361,42.07,0.0016638697409081527,351,42.139999,-0.0016611058771027754,355,42.349998,-0.007068803182582517,377,41.720001,0.017257861523061635,340,43.27,-0.035821562283337216,353,42.369999,0.021241468521158158,332,41.389999,0.023677217291065755,371,41.77000045776367,-0.009097462293512049,377,42.65999984741211,-0.020862634786685263,403,42.40999984741211,0.005894836123555791,,,
230,CELC,CELCUITY,Health Care,230,92.68,,265,92.440002,0.0025962569754163223,261,92.0,0.004782630434782664,,,,,,,427,88.110001,0.04505732555830977,412,90.790001,-0.02951866913185741,426,92.779999,-0.02144856673257778,412,93.25,-0.00504022520107239,442,92.919998,0.0035514637010645167,407,92.489998,0.004649151360128778,438,87.720001,0.054377530159855025,405,86.379997,0.015512897042587293,389,87.639999,-0.014377019789788004,397,83.260002,0.05260625624294368,412,82.459999,0.009701710037614664,428,82.269997,0.0023094932165852455,430,82.620003,-0.0042363348740134255,333,88.339996,-0.06474975389403459,293,90.139999,-0.019968970711881195,178,91.690002,-0.01690482022238371,224,87.989998,0.04205027939652872,200,88.379997,-0.004412751903578371,297,88.290001,0.0010193226750558892,179,91.510002,-0.03518742137061692,40,111.050003,-0.1759567804784301,73,103.790001,0.06994895394595857,87,107.580002,-0.035229605219750715,49,113.510002,-0.05224209228716259,67,108.900002,0.042332414282233,52,115.720001,-0.058935352065888735,79,108.580002,0.06575795605529655,100,107.949997,0.0058360816814102545,405,104.489998,0.03311320763926129,445,104.620003,-0.0012426399949538869,442,102.519997,0.020483867162032654,461,99.949997,0.02571285719998584,469,95.93,0.04190552486187826,471,96.37999725341797,-0.004668987487102649,492,90.20999908447266,0.06839594355831902,495,89.93000030517578,0.0031135216279327693,,,
231,COIN,Coinbase,Financials,231,148.865005,,209,150.550003,-0.011192281410980831,249,148.470001,0.014009577598103506,233,153.899994,-0.03528260696358443,228,149.039993,0.032608703893323376,275,148.580002,0.0030959146170963514,280,148.679993,-0.0006725249173235026,238,153.600006,-0.03203133338419273,271,145.410004,0.05632351127643198,258,149.889999,-0.029888551803913255,282,150.729996,-0.00557285890195347,278,146.5,0.02887369283276442,218,146.259995,0.0016409476836096726,43,163.580002,-0.10588095603520042,80,160.089996,0.021800275390099877,31,167.899994,-0.04651577295470288,18,167.490005,0.0024478415891144856,50,158.289993,0.05812124838491828,82,161.160004,-0.017808456991599386,98,166.119995,-0.029857880744578624,61,175.850006,-0.05533130888832627,143,160.429993,0.09611677163134957,190,157.119995,0.021066688552275004,345,160.490005,-0.020998254688820106,232,167.210007,-0.04018899419099953,289,161.5,0.03535608049535588,380,157.369995,0.02624391644671542,378,159.070007,-0.010687193846669163,413,158.440002,0.003976300126530052,340,159.360001,-0.005773086058150967,351,163.509995,-0.02538067474101502,336,168.869995,-0.03174039295731601,387,165.479996,0.02048585377050638,446,159.240005,0.03918607638827942,474,146.190002,0.08926741105044922,464,151.649994,-0.036003905150171045,460,149.059998,0.01737552686670485,475,142.520004,0.04588825299219046,469,150.11000061035156,-0.050562900202765326,477,158.17999267578125,-0.05101777947353925,474,164.83999633789062,-0.04040283403064393,,,
232,RGEN,Repligen Corporation - Common Stock,,232,165.720001,,234,169.039993,-0.01964027530455481,259,166.830002,0.01324696381649626,226,167.490005,-0.003940551557091387,218,165.699997,0.010802703876934938,206,164.770004,0.0056441887323130935,207,163.169998,0.009805760983094602,188,163.899994,-0.0044539110843409,155,159.440002,0.027972854641584943,182,158.589996,0.005359770612517023,262,149.779999,0.0588195824463853,254,147.059998,0.018495859084670885,263,141.009995,0.04290478132418918,221,143.600006,-0.0180362875472303,227,141.229996,0.01678120843393649,279,145.339996,-0.02827852011224774,363,131.059998,0.10895771568682622,317,131.960007,-0.006820316400862114,152,137.600006,-0.040988363038298226,162,140.089996,-0.017774217082567434,291,136.990005,0.022629322482322856,258,145.490005,-0.05842325732272813,206,147.25,-0.011952427843803126,120,148.550003,-0.0087512822197654,128,148.059998,0.003309502948932952,180,147.130005,0.006320892872939021,188,144.880005,0.01553009333482569,197,144.240005,0.004437049208366295,152,143.940002,0.0020842225637873746,170,137.410004,0.047521998471086624,189,139.830002,-0.017306715049607346,139,141.460007,-0.011522726702537067,118,142.399994,-0.00660103258150424,142,138.990005,0.02453405912173312,166,136.440002,0.018689555574764594,153,137.0,-0.004087576642335833,46,147.009995,-0.06809057438577559,58,145.229996,0.012256414301629492,87,138.39999389648438,0.049349727572965074,167,126.37000274658203,0.09519657129390113,178,126.56999969482422,-0.0015801295725684783,,,
233,AKAM,Akamai Technologies,Information Technology,233,117.639999,,165,122.970001,-0.04334392092913775,120,124.989998,-0.01616126916011318,118,125.290001,-0.0023944688131977143,170,122.779999,0.020443085359529878,214,116.669998,0.052369941756577276,206,117.650002,-0.00832982561275264,292,110.540001,0.06432061638935571,222,118.550003,-0.06756644282834812,81,122.269997,-0.030424422109047722,71,123.349998,-0.008755581820114822,93,117.879997,0.046403131482943616,107,115.18,0.02344154367077622,180,113.75,0.012571428571428678,194,107.410004,0.05902612199884105,154,111.790001,-0.039180579307804164,140,112.849998,-0.009392973139441207,148,115.370003,-0.021842809521292916,135,117.370003,-0.017040129069435195,105,124.300003,-0.055752211043792244,141,124.910004,-0.004883523980993565,185,123.129997,0.014456322938105837,257,120.190002,0.024461227648536088,389,118.809998,0.011615217769804342,390,120.010002,-0.009999199900021738,350,126.110001,-0.04837046191126426,362,125.129997,0.007831887025458784,398,126.190002,-0.008400071187890212,400,129.520004,-0.025710329656876696,433,126.57,0.023307292407363622,453,114.370003,0.10667130086549004,467,112.730003,0.014548034741026283,465,113.169998,-0.0038879120595196603,469,112.809998,0.003191206509905342,469,118.209999,-0.04568142327790736,457,113.800003,0.03875216066558451,467,113.290001,0.00450173886043137,483,112.889999,0.0035432899596359313,456,119.4800033569336,-0.05515570668340197,461,119.87000274658203,-0.00325352457027972,479,120.73999786376953,-0.0072055243863761165,,,
234,TSEM,Tower Semiconductor Ltd. - Ordinary Shares,,234,241.970001,,171,263.730011,-0.08250866072272678,172,265.480011,-0.006591833386657475,280,252.949997,0.04953553725481963,256,260.309998,-0.02827398508143364,172,249.580002,0.0429922105698195,108,252.550003,-0.011760051335259702,99,252.490005,0.0002376252477795937,174,224.699997,0.1236760497153011,216,211.139999,0.0642227813972851,123,239.529999,-0.11852377622228438,142,234.320007,0.022234516235739132,338,219.669998,0.06669098708691212,385,211.160004,0.040301164229945785,406,187.839996,0.12414825647675154,402,202.990005,-0.07463426093319214,408,224.210007,-0.09464342062127495,393,233.369995,-0.03925092426727783,269,260.420013,-0.10387073438937278,381,249.529999,0.043642103328826565,326,250.910004,-0.005499999912319087,367,227.210007,0.10430877280858497,354,234.100006,-0.029431861697602923,434,237.919998,-0.016055783591591877,413,251.0,-0.052111561752988034,363,255.490005,-0.017574092575558864,436,229.679993,0.11237379304517825,443,222.75,0.031111079685746335,455,226.580002,-0.016903530612556006,460,216.699997,0.045593009399072626,464,211.929993,0.022507451316718496,472,218.949997,-0.032062133346363986,472,219.050003,-0.00045654416174556456,444,245.460007,-0.10759391854820566,372,260.640015,-0.058241279643879706,459,255.589996,0.019758281149626855,470,249.910004,0.022728149770266937,421,269.880005,-0.07399585234185835,411,275.32000732421875,-0.019758832855179986,369,282.6499938964844,-0.02593308740703537,181,316.8500061035156,-0.10793754569157243,,,
235,WBD,Warner Bros. Discovery,Communication Services,235,28.049999,,303,27.93,0.0042964196204797744,309,27.99,-0.002143622722400762,297,27.75,0.00864864864864856,307,27.65,0.003616636528029016,319,27.07,0.021425932766900635,287,26.870001,0.007443207761696824,284,26.780001,0.0033607168274565336,268,26.4,0.014393977272727287,279,25.969999,0.01655760556633057,288,25.790001,0.006979371578931026,280,26.09,-0.011498620160981243,257,26.299999,-0.007984753155313773,286,25.469999,0.03258735895513776,307,25.639999,-0.0066302654691990925,310,25.610001,0.0011713392748402551,330,25.280001,0.013053796951985941,288,25.77,-0.019014318975553057,276,25.950001,-0.00693645445331581,287,25.85,0.0038685106382978507,273,25.83,0.0007742934572203541,281,25.860001,-0.001160131432322964,227,26.870001,-0.03758838713850432,226,27.290001,-0.015390252275916061,237,27.27,0.0007334433443344501,236,27.48,-0.007641921397379958,250,27.09,0.01439645625692143,319,26.59,0.018804061677322403,328,26.629999,-0.001502027844612397,324,26.15,0.018355602294455098,332,26.120001,0.0011485068473007232,340,26.120001,0.0,326,26.48,-0.013595128398791623,328,26.809999,-0.012308803144677527,316,26.66,0.005626369092273098,286,27.129999,-0.017323959355840746,291,26.74,0.01458485415108468,263,26.98,-0.008895478131949686,258,27.200000762939453,-0.008088271761460541,286,26.8799991607666,0.01190483675241194,320,26.950000762939453,-0.0025974767125239717,,,
236,SBUX,Starbucks,Consumer Discretionary,236,107.260002,,256,107.919998,-0.006115604264559038,285,107.690002,0.002135722868683798,220,108.550003,-0.007922625299236485,217,108.489998,0.000553092461113458,243,106.660004,0.01715726543569218,237,104.650002,0.01920689882069948,225,105.580002,-0.008808486288909068,184,105.160004,0.003993894865199854,134,106.0,-0.007924490566037723,122,104.970001,0.009812317711609841,133,103.370003,0.015478358842651918,110,105.25,-0.01786220427553442,111,105.849998,-0.005668379889813502,177,104.139999,0.016420194127330534,214,103.099998,0.010087303784428903,185,103.650002,-0.0053063578329695105,178,103.25,0.003874111380145262,153,103.209999,0.00038756903776349105,148,103.980003,-0.0074053084995583385,161,104.449997,-0.00449970333651617,152,104.809998,-0.0034347963636064405,157,105.489998,-0.006446108758102476,204,108.370003,-0.026575665961732997,268,105.110001,0.031015145742411265,237,106.169998,-0.009983959875369042,200,107.339996,-0.010899925876650784,200,106.010002,0.012545929392586919,161,106.410004,-0.0037590638564396484,195,103.870003,0.024453652899191658,182,103.610001,0.0025094295675183176,232,102.110001,0.014690040008911609,189,104.269997,-0.020715412507396613,218,103.389999,0.00851144219471367,260,102.190002,0.011742802392742835,259,104.059998,-0.01797036359735449,264,104.599998,-0.005162523999283519,279,103.160004,0.013958840094655312,297,103.52999877929688,-0.0035737950697749543,339,101.05000305175781,0.024542265476231506,385,100.1500015258789,0.008986530025231643,,,
237,ACGL,Arch Capital Group,Financials,237,99.690002,,263,97.809998,0.01922097984298099,238,98.709999,-0.009117627485742408,205,98.029999,0.006936652116052766,242,97.290001,0.007606105379729611,247,98.260002,-0.009871778752864269,220,98.245003,0.00010180152671757092,223,98.480003,-0.002386271251433647,210,99.290001,-0.008157901015632074,203,99.089996,0.0020184176816395727,175,99.519997,-0.004320749728318418,138,101.120003,-0.01582284367614184,106,100.529999,0.005868934704754025,85,101.139999,-0.006031243880079473,87,104.550003,-0.032616010541864804,58,106.480003,-0.018125469061078037,64,103.879997,0.025028937958094133,58,103.360001,0.005030921003957856,76,100.099998,0.03256746318816117,83,98.629997,0.014904197959166421,75,100.550003,-0.019095036725160552,84,101.830002,-0.01256995948993489,84,101.349998,0.004736102708161827,180,100.040001,0.013094731976262208,194,98.540001,0.015222244619218062,160,101.529999,-0.029449404407065893,159,103.059998,-0.014845711524271388,163,101.059998,0.019790224021180025,159,101.699997,-0.006293009035192032,175,102.010002,-0.003038966708382218,133,102.849998,-0.008167195102910974,150,101.809998,0.010215106771733762,140,102.199997,-0.0038160372940129195,198,98.550003,0.03703697502677894,223,97.059998,0.015351380905654022,212,98.059998,-0.010197838266323478,219,97.540001,0.005331115385163843,301,94.330002,0.03402945968346338,300,94.91999816894531,-0.006215718630756983,318,93.70999908447266,0.012912165328269998,358,92.04000091552734,0.01814426316662021,,,
238,WEN,WENDYS,Consumer Discretionary,238,8.4223,,205,8.62,-0.022935034802784138,210,8.64,-0.0023148148148149916,131,8.65,-0.0011560693641617936,121,8.66,-0.0011547344110853786,,,,,,,,,,,,,,,,,,,,,,,,,,,,,,,,,,,,,,,,131,7.22,-0.025104602510460206,92,7.4,-0.031081081081081097,173,7.63,-0.03014416775884665,164,7.85,-0.028025477707006363,219,7.76,0.011597938144329856,223,7.83,-0.008939974457215838,277,7.45,0.051006711409395944,358,7.42,0.0040431266846361336,329,7.5,-0.010666666666666713,321,7.55,-0.0066225165562913135,314,7.59,-0.005270092226614009,308,7.45,0.018791946308724716,237,7.78,-0.042416452442159414,230,7.9,-0.015189873417721489,145,8.5899,-0.08139534883720922,94,8.94,-0.03916107382550327,59,8.29,0.07840772014475283,49,8.255,0.00363196125907983,70,7.8,0.05833333333333335,112,7.33,0.06412005457025916,153,7.860000133514404,-0.06743002544529264,,,,,,,,,
239,HQY,HEALTHEQUITY,Health Care,239,103.260002,,,,,230,105.915001,-0.022916078785942595,,,,,,,167,105.57,-0.0006630671592308124,149,106.790001,-0.01142429992111349,141,104.629997,0.02064421353275958,153,103.440002,0.011504205113994415,160,104.410004,-0.009290316663525755,148,104.970001,-0.00533482894793913,117,104.360001,0.005845151342994015,120,100.610001,0.03727263654435298,91,100.989998,-0.0037627191556138806,61,104.129997,-0.030154605689655445,76,101.239998,0.02854601992386452,61,99.050003,0.022109994282382806,107,94.635002,0.04665293925814051,109,94.330002,0.003233329731086032,100,95.949997,-0.01688374205993981,94,97.769997,-0.01861511768277957,99,98.879997,-0.01122572849592618,87,97.669998,0.01238864569240583,71,98.690002,-0.010335433978408526,123,95.07,0.03807722730619556,153,94.5,0.006031746031746055,169,95.660004,-0.01212632188474505,190,94.400002,0.013347478530773671,177,94.809998,-0.0043243962519647905,176,94.730003,0.0008444526281710107,123,96.980003,-0.02320065921218828,132,96.57,0.0042456560008283795,152,95.309998,0.013220040147309708,223,92.290001,0.032722905702428084,216,90.32,0.02181134853852984,276,87.809998,0.028584467112731327,203,88.459999,-0.0073479652650686456,309,83.43,0.06029005154021316,291,85.0,-0.018470588235294016,256,84.91999816894531,0.0009420866919944704,295,84.61000061035156,0.003663834018865053,,,
240,KHC,Kraft Heinz,Consumer Staples,240,24.955,,267,24.75,0.008282828282828225,237,25.51,-0.029792238337906785,184,25.379999,0.005122183022938653,188,24.530001,0.03465136426207249,178,24.65,-0.004868113590263734,154,24.93,-0.011231448054552784,114,25.32,-0.01540284360189581,129,24.959999,0.014423117565028676,121,25.73,-0.02992619510299266,81,26.639999,-0.03415912290387091,86,26.42,0.00832698713096125,83,25.85,0.0220502901353965,48,26.379999,-0.020090940867738438,40,27.620001,-0.04489507440640561,26,27.299999,0.011721685411050675,55,26.219999,0.04118993292105011,39,25.67,0.021425749902610036,37,25.360001,0.012223934849213913,27,25.959999,-0.023112404588305213,54,25.790001,0.006591624405132723,70,25.860001,-0.0027068831126495496,77,25.879999,-0.0007727202771530273,103,26.23,-0.013343537933663718,173,25.450001,0.030648289561953312,200,25.08,0.014752830940989003,204,25.23,-0.005945303210463826,182,24.85,0.01529175050301812,202,24.68,0.0068881685575366,141,24.92,-0.009630818619582704,117,25.299999,-0.015019723913823002,158,24.82,0.01933920225624486,159,25.370001,-0.02167918716282269,193,25.01,0.014394282287085058,280,23.620001,0.058848388702439136,271,24.190001,-0.02356345499944379,274,23.700001,0.020675104612864814,251,23.469999,0.009799829987210407,281,22.940000534057617,0.023103660719108188,299,22.469999313354492,0.020916867864569033,341,22.030000686645508,0.019972672720260043,,,
241,ROST,Ross Stores,Consumer Discretionary,241,237.531998,,259,235.279999,0.009571570084884184,194,245.360001,-0.04108249901743355,157,244.960007,0.0016328951198960606,125,248.25,-0.013252741188318318,112,251.809998,-0.014137635631131684,113,254.824997,-0.011851053550594126,85,255.229996,-0.0015868001659178343,63,254.309998,0.003617624187940871,54,253.220001,0.0043045454375463255,49,251.059998,0.008603533088532789,41,252.910004,-0.00731487869495262,47,251.070007,0.007328621295653148,47,252.570007,-0.00593894745388357,42,251.960007,0.002421019142137215,45,251.029999,0.003704768369138245,76,243.350006,0.03155945268396665,139,238.889999,0.0186697099864781,176,232.389999,0.027970222591205296,196,238.210007,-0.02443225653404224,197,235.809998,0.010177723677347927,200,235.779999,0.00012723301436601275,220,233.460007,0.00993742795527286,312,232.720001,0.003179812636731505,358,225.809998,0.03060096125593148,381,220.929993,0.022088467635084763,372,219.460007,0.006698195357297987,337,222.880005,-0.015344570725400075,349,220.600006,0.010335443961864588,375,217.720001,0.013228022169630593,360,214.669998,0.01420786802261964,380,211.360001,0.01566047021356698,307,213.429993,-0.009698693097928257,319,211.899994,0.0072203824602279365,347,212.850006,-0.0044632932732922015,328,208.830002,0.019250126713114657,351,213.259995,-0.020772733301433255,360,215.130005,-0.008692464819121892,323,228.58999633789062,-0.058882677437904984,227,229.0500030517578,-0.0020083256667758898,214,236.97000122070312,-0.03342194356491557,,,
242,QUBT,QUANTUM COMPUTING,Information Technology,242,8.67,,172,9.05,-0.041988950276243164,154,9.01,0.004439511653718142,290,8.92,0.010089686098654793,336,8.92,0.0,209,8.95,-0.003351955307262511,296,8.93,0.002239641657334701,322,9.18,-0.027233115468409563,327,8.775,0.04615384615384599,378,8.88,-0.011824324324324342,334,9.23,-0.037919826652220934,380,8.74,0.05606407322654472,421,8.1,0.07901234567901239,426,8.02,0.009975062344139696,436,7.3,0.09863013698630141,426,7.72,-0.05440414507772018,422,7.96,-0.03015075376884424,467,7.43,0.07133243606998652,475,7.86,-0.054707379134860123,461,7.91,-0.006321112515802807,466,8.22,-0.03771289537712896,444,7.92,0.03787878787878807,457,7.8,0.01538461538461533,470,7.64,0.020942408376963373,462,8.04,-0.04975124378109441,459,8.32,-0.033653846153846256,482,8.0,0.040000000000000036,453,8.66,-0.07621247113163976,459,9.15,-0.05355191256830605,474,8.75,0.04571428571428582,474,8.69,0.0069044879171462625,469,9.37,-0.07257203842049087,482,9.05,0.03535911602209918,485,9.43,-0.040296924708377424,480,9.7,-0.027835051546391765,479,9.92,-0.022177419354838745,484,9.18,0.08061002178649246,490,9.09,0.00990099009900991,485,9.699999809265137,-0.06288659793814433,469,10.489999771118164,-0.07530981887511923,359,10.539999961853027,-0.004743833017077703,,,
243,SBAC,SBA Communications,Real Estate,243,183.050003,,296,182.110001,0.00516172640073731,252,185.199997,-0.016684643898779217,241,186.190002,-0.005317175945892094,245,183.080002,0.01698710927477487,229,181.970001,0.006099912039897237,226,181.050003,0.005081458076529266,139,184.029999,-0.01619299036131605,123,182.600006,0.00783128670872002,150,178.399994,0.023542668953228763,96,187.899994,-0.050558809490967804,146,179.539993,0.04656344728720119,121,180.979996,-0.007956697048440597,112,181.899994,-0.0050577131959662625,119,186.289993,-0.023565404288785508,234,174.929993,0.06494026441766354,233,172.610001,0.013440658053179622,239,173.570007,-0.0055309440645467944,271,174.850006,-0.007320554510018118,249,178.020004,-0.017806976344074243,278,176.820007,0.006786545370965902,282,181.970001,-0.028301335229426017,258,185.690002,-0.020033394151183215,335,185.039993,0.003512802770155643,369,187.089996,-0.010957309550640004,360,187.25,-0.0008544939919892247,394,187.100006,0.0008016782212181273,369,190.029999,-0.015418581357778072,383,182.479996,0.04137441454130686,407,181.990005,0.002692406102192235,371,183.229996,-0.006767401774106951,360,180.570007,0.014731067712701496,341,184.559998,-0.02161893716535479,409,180.75,0.021078827109267007,427,176.460007,0.024311418054063783,421,179.5,-0.01693589415041785,390,183.759995,-0.023182385262907723,395,180.949997,0.015529140904047667,408,185.4600067138672,-0.024317965220393867,409,189.58999633789062,-0.02178379179880363,410,187.58999633789062,0.010661549350424737,,,
244,LYFT,"Lyft, Inc. - Class A Common Stock",,244,17.35,,281,17.219999,0.007549419718317019,274,17.48,-0.014874199084668138,282,17.129999,0.020432050229541643,264,16.58,0.03317243667068781,207,17.540001,-0.054732094941157716,215,17.26,0.016222537659327907,215,17.459999,-0.011454697105079958,266,16.299999,0.07116564853776985,270,16.48,-0.010922390776699098,242,16.73,-0.014943215780035879,245,16.379999,0.02136758372207459,221,15.86,0.03278682219419937,234,15.55,0.019935691318327953,276,15.44,0.007124352331606243,218,15.45,-0.0006472491909385036,227,15.09,0.02385685884691835,323,14.2,0.0626760563380282,294,14.02,0.012838801711840153,297,14.66,-0.043656207366985056,280,15.19,-0.03489137590520075,252,15.43,-0.01555411535968898,245,15.52,-0.005798969072164928,132,15.98,-0.028785982478097716,70,16.23,-0.015403573629081957,118,15.61,0.03971812940422814,115,15.67,-0.0038289725590300305,149,15.61,0.0038436899423446302,182,15.74,-0.008259212198221122,183,15.17,0.037574159525379125,204,15.44,-0.017487046632124303,204,15.39,0.0032488628979856493,210,15.37,0.0013012361743658385,309,14.83,0.03641267700606865,266,14.61,0.015058179329226595,182,15.25,-0.041967213114754154,248,14.27,0.06867554309740709,244,14.08,0.013494318181818121,250,14.399999618530273,-0.022222222222222254,259,13.819999694824219,0.04196816208393628,225,14.220000267028809,-0.02812939521800284,,,
245,STLD,Steel Dynamics,Materials,245,251.660095,,252,258.160004,-0.025177831187204402,250,255.770004,0.009344332652862608,211,260.529999,-0.01827042957920544,180,263.179993,-0.010069131660779607,177,263.690002,-0.0019341233878104047,128,268.600006,-0.018279984699628105,102,262.450012,0.0234330109308587,127,261.480011,0.0037096564142335975,111,265.959991,-0.016844563662208878,106,265.100006,0.0032440021898754168,77,258.380005,0.02600820833639972,105,251.259995,0.028337220973040145,138,252.5,-0.004910910891089082,173,252.339996,0.0006340810118741214,200,259.73999,-0.02849000648687161,273,250.270004,0.03783907719120827,203,247.110001,0.012787839371988685,263,240.570007,0.027185408861047256,306,238.639999,0.008087529366776591,337,233.520004,0.021925295102341646,384,230.490005,0.013145901923165892,392,235.509995,-0.02131540107246832,385,234.979996,0.0022555068900418362,416,235.559998,-0.0024622262053169974,423,233.350006,0.009470717562355624,418,234.139999,-0.0033740198316135617,434,228.419998,0.025041594650569987,438,222.059998,0.028640908120696196,424,228.759995,-0.029288324647847586,411,229.619995,-0.003745318433614586,416,227.070007,0.011229963981989055,424,220.389999,0.030309941604927504,429,221.759995,-0.006177832029622854,409,229.460007,-0.0335570982528558,386,234.220001,-0.020322747757139714,335,245.490005,-0.04590819899164533,242,251.0,-0.02195217131474103,243,241.42999267578125,0.0396388488484114,180,243.69000244140625,-0.009274114577749515,160,250.97999572753906,-0.02904611569122828,,,
246,LSCC,Lattice Semiconductor Corporation - Common Stock,,246,124.459999,,155,132.669998,-0.06188286066002646,169,130.460007,0.01693998835980448,249,128.429993,0.015806385662576528,246,129.270004,-0.006498112276688728,227,126.120003,0.024976220465202426,250,128.320007,-0.017144668640799,249,130.029999,-0.013150749928099281,199,128.699997,0.010334126115014719,181,128.309998,0.0030395059315642126,168,138.0,-0.07021740579710145,228,127.18,0.08507626985375061,310,124.269997,0.02341677854872737,339,124.529999,-0.002087866394345661,367,112.959999,0.10242563830051021,326,120.059998,-0.05913709077356466,352,122.910004,-0.023187746377422713,306,128.419998,-0.042906043340695255,145,138.130005,-0.07029614601114376,313,137.169998,0.006998665991086561,325,135.830002,0.009865243173595717,312,125.559998,0.08179359798970376,317,125.230003,0.0026351113319065256,421,124.5,0.005863477911646653,414,132.460007,-0.06009366283666273,414,133.910004,-0.010828145446101223,403,130.740005,0.024246587721944657,392,137.440002,-0.04874852228247195,405,139.529999,-0.014978836199948775,398,132.479996,0.0532156039618239,428,130.600006,0.014395022309570127,422,137.309998,-0.048867468485433996,415,136.529999,0.005713022820720948,341,146.300003,-0.06678061380490885,334,152.960007,-0.04354081913712249,366,146.779999,0.042103883649706075,414,138.759995,0.05779766711579937,396,144.199997,-0.037725396069182904,372,143.92999267578125,0.0018759397841421332,341,144.60499572753906,-0.004702358034006315,258,155.27000427246094,-0.06868685338605385,,,
247,CMCSA,Comcast,Communication Services,247,25.934999,,289,25.57,0.014274501368791492,263,26.18,-0.02330022918258212,216,26.18,0.0,220,25.469999,0.0278759728259117,256,25.65,-0.007017582846003845,245,25.200001,0.01785710246598793,209,25.360001,-0.00630914801620075,209,25.17,0.0075487087802939,232,24.75,0.01696969696969708,203,24.93,-0.0072202166064981865,212,24.559999,0.015065187909820255,239,23.959999,0.02504173727219272,285,23.67,0.012251753274186594,223,24.610001,-0.03819589442519722,204,24.190001,0.01736254578906382,261,22.799999,0.06096500267390348,261,22.295,0.02265077371607971,302,21.92,0.01710766423357657,203,23.52,-0.0680272108843537,209,23.809999,-0.012179714917249784,232,23.780001,0.001261480182444208,279,23.790001,-0.0004203446649708731,273,24.1,-0.012863029045643182,342,23.49,0.025968497232865095,335,23.190001,0.012936566928134274,307,23.969999,-0.03254059376473073,316,23.57,0.016970683071701353,331,23.344999,0.009421841541755738,317,23.190001,0.006683828948519821,258,23.41,-0.009397650576676742,247,23.379999,0.0012831908162185268,282,23.790001,-0.017234215332735725,306,23.73,0.0025284871470712122,269,24.549999,-0.03340118262326608,296,24.219999,0.013625103783034831,367,23.17,0.04531717738454888,363,22.690001,0.02115464869305228,376,22.639999389648438,0.0022085690021451665,363,22.799999237060547,-0.007017544167436163,406,22.31999969482422,0.021505331541218586,,,
248,AMAT,Applied Materials,Information Technology,248,509.20639,,213,535.309998,-0.04876353533004618,334,507.179993,0.055463554139052906,317,534.539978,-0.051184169802169555,323,548.150024,-0.024829053003927237,338,525.609985,0.042883582205920145,366,522.119995,0.006684268048382291,317,539.140015,-0.031568830964995076,305,527.47998,0.0221051707024027,243,534.23999,-0.012653508023613314,275,546.619995,-0.022648284207020253,325,518.210022,0.054823279739657504,362,507.670013,0.020761535505545048,408,501.769989,0.011758423439708787,410,436.450012,0.1496619892405915,396,476.459991,-0.08397342852655176,401,516.890015,-0.07821784678893429,282,536.25,-0.03610253613053627,207,562.799988,-0.047174819769185916,333,553.919983,0.01603120535913205,292,564.549988,-0.018829165221769473,362,525.700012,0.07390141737337452,323,529.659973,-0.007476421103846609,160,560.929993,-0.05574674271339941,86,579.429993,-0.031927929557488355,42,595.700012,-0.02731243691833274,36,575.390015,0.03529779188121651,19,602.5,-0.044995825726141137,46,588.659973,0.02351107198518476,17,570.5,0.031831679228746745,55,554.5,0.028854824165915227,15,592.789978,-0.06459282278891698,1,603.039978,-0.016997214735239297,1,650.909973,-0.07354318874447485,1,723.0,-0.09970958091286297,1,694.640015,0.04082688066854323,1,626.840027,0.10816154852855298,1,668.0,-0.06161672604790425,3,588.969970703125,0.13418346077273946,2,585.8800048828125,0.005274059489365879,3,640.1799926757812,-0.08481987658742718,,,
249,NTSK,"Netskope, Inc. - Class A Common Stock",,249,15.18,,264,15.25,-0.004590163934426239,175,15.81,-0.035420619860847546,123,16.190001,-0.023471338883796156,298,15.11,0.080053435623749,,,,,,,,,,,,,,,,,,,,,,,,,,,,,,,229,11.99,-0.0016694490818029983,169,11.94,0.003350083752093891,215,11.53,0.03555941023417164,273,11.17,0.0322291853178156,60,11.955,-0.06566290255123386,24,13.33,-0.1031507876969242,21,13.52,-0.014053254437869755,22,13.59,-0.005150846210448923,8,13.5,0.006666666666666599,18,13.25,0.018867924528301883,18,14.27,-0.07147862648913805,,,,,,,,,,,,,,,,,,,334,11.71,0.04355251921434666,406,11.66,0.004288164665523286,451,10.94,0.06581352833638032,436,10.495,0.04240114340161982,426,10.29,0.019922254616132173,450,9.88,0.04149797570850189,450,9.5,0.040000000000000036,449,9.529999732971191,-0.0031479538300104304,486,8.949999809265137,0.06480446927374306,,,
250,HSIC,Henry Schein,Health Care,250,89.199997,,290,89.519997,-0.0035746203163971035,278,89.769997,-0.0027848948240468685,244,90.120003,-0.0038837770566872987,223,90.739998,-0.006832653886547413,224,89.18,0.017492688943709256,198,88.080002,0.012488623694627332,171,88.129997,-0.0005672869817527904,143,88.230003,-0.0011334693029534382,174,89.589996,-0.015180188198691269,174,89.110001,0.005386544659560677,198,86.510002,0.030054316725134145,175,85.75,0.008862997084548185,195,85.169998,0.00680993323494028,191,85.830002,-0.007689665438898485,230,85.709999,0.001400105021585496,226,84.610001,0.013000803533851801,176,85.470001,-0.010062009944284411,156,84.529999,0.01112033610694807,137,84.809998,-0.003301485751715183,148,85.860001,-0.012229245140586542,149,86.199997,-0.00394426927880287,142,87.82,-0.01844685720792527,102,88.260002,-0.0049852933381987485,133,87.160004,0.012620444579144241,116,86.910004,0.0028765388159457395,145,85.790001,0.01305516944801055,186,84.400002,0.016469182074190014,163,83.860001,0.006439315449090044,158,83.220001,0.007690458931861821,108,86.839996,-0.04168580339409511,120,86.620003,0.0025397482380600245,121,86.43,0.002198345481892794,153,84.519997,0.022598237905758545,167,83.519997,0.011973180506699599,150,84.290001,-0.009135176069104523,125,84.949997,-0.007769229232580055,114,83.690002,0.015055502089723838,128,82.81999969482422,0.010504733156242674,156,80.0999984741211,0.03395757887534523,194,78.66999816894531,0.018177196343642787,,,
251,MEDP,"Medpace Holdings, Inc. - Common Stock",,251,593.609985,,293,597.119995,-0.00587823223035755,317,578.5,0.03218668107173728,269,581.950012,-0.005928364857564428,250,596.97998,-0.025176670078617902,220,605.5,-0.014071048720066148,239,602.429993,0.005096039433083233,253,590.669983,0.01990961169259209,249,585.01001,0.009675001971333863,260,587.75,-0.004661829008932417,313,575.080017,0.022031687113899467,249,573.289978,0.0031223971614589008,187,577.109985,-0.006619201017636245,163,578.299988,-0.0020577607205483073,134,584.929993,-0.01133469830465672,143,570.969971,0.024449660593446554,111,589.369995,-0.0312198180363763,69,601.380005,-0.019970750440896246,24,605.820007,-0.007328912793730269,132,528.119995,0.1471256773756502,154,531.669983,-0.006677051768032571,161,527.929993,0.007084253688159015,150,537.72998,-0.01822473613987452,92,537.919983,-0.00035321796178755527,113,529.22998,0.016420088295073576,117,536.169983,-0.01294366193565899,135,530.190002,0.011278939582870517,120,538.22998,-0.014937811528075606,123,535.5,0.005098001867413604,126,531.98999,0.0065978873023531115,105,546.289978,-0.026176551970352957,80,565.090027,-0.03326912191285225,84,557.599976,0.013432660190788814,108,543.570007,0.02581078576691942,122,529.590027,0.026397740303368833,110,534.719971,-0.009593701896726148,77,527.070007,0.014514132654867451,82,519.960022,0.013674099352199987,103,512.7899780273438,0.013982418353737813,186,473.4800109863281,0.08302349853582314,232,455.6600036621094,0.03910812194084956,,,
252,WYNN,Wynn Resorts,Consumer Discretionary,252,102.165001,,282,102.790001,-0.006080357952326532,290,102.529999,0.0025358626990721334,254,102.370003,0.001562918778072131,225,102.970001,-0.005826920405682001,201,104.790001,-0.017368069306536338,238,102.5,0.02234147317073165,222,102.540001,-0.0003901014200302644,221,101.5,0.010246315270936002,196,101.150002,0.003460187771424872,249,97.599998,0.036372992548626915,224,98.360001,-0.00772674859976874,196,99.309998,-0.009565975421729433,217,100.699997,-0.013803366846177778,245,99.010002,0.017068932086275357,278,99.019997,-0.00010093920725939842,258,99.699997,-0.0068204615893818765,328,96.919998,0.028683440542373706,342,96.769997,0.0015500775514130094,366,94.370003,0.02543174656887537,377,94.629997,-0.002747479744715675,354,95.660004,-0.010767373582798445,347,96.639999,-0.010140676843343077,357,98.110001,-0.014983202375056459,380,97.050003,0.010922184103384192,398,95.900002,0.011991668154501145,393,97.129997,-0.012663389663236657,385,99.769997,-0.0264608607736051,369,98.830002,0.009511231214990978,371,97.93,0.009190258347799407,347,96.349998,0.01639856806224338,369,95.885002,0.0047971530378261296,363,95.910004,-0.0002606818783992271,386,96.110001,-0.0020809176768190607,341,97.089996,-0.010093676386597084,312,99.419998,-0.023435948972761023,293,100.440002,-0.010155356229483159,280,99.379997,0.01066618063995306,221,103.75,-0.04212051084337343,237,104.1500015258789,-0.003840633627640311,251,103.62000274658203,0.00511483289572956,,,
253,LPLA,LPL Financial Holdings Inc. - Common Stock,,253,370.589996,,272,368.200012,0.006490993813438539,271,370.670013,-0.006663611604319275,228,374.959991,-0.0114411619985344,191,376.674988,-0.004566215440064636,203,371.190002,0.014776761147785367,172,372.109985,-0.0024723416115802754,164,362.630005,0.02614229343763208,120,359.049988,0.009970803842500153,135,359.920013,-0.002417273195641889,145,354.23999,0.016034392390311458,70,360.350006,-0.016955781596407205,84,353.700012,0.018801226390684933,94,339.170013,0.042839869219216675,78,337.779999,0.004115145965170042,51,342.399994,-0.013492976287844294,128,331.720001,0.032195806607392186,136,328.548004,0.009654592209910495,220,323.320007,0.016169729329493787,228,327.380005,-0.012401484324004453,210,328.230011,-0.002589665696352217,272,327.959991,0.000823332136266508,260,324.899994,0.009418273488795537,130,330.769989,-0.01774645583097323,138,329.119995,0.005013350829687457,129,321.350006,0.024179209133109447,177,321.059998,0.0009032828811019744,203,317.029999,0.012711727636853798,224,311.470001,0.017850829878155672,260,300.820007,0.035403210398835094,230,307.579987,-0.02197795788319623,209,304.75,0.00928625758818713,155,295.179993,0.032420920207827164,177,293.269989,0.006512783686161594,209,281.679993,0.041145968077328066,228,269.23999,0.04620414300267961,269,268.75,0.0018232186046511778,315,277.329987,-0.030937826424085935,325,282.1499938964844,-0.01708313699273012,280,295.1000061035156,-0.0438834691179234,274,297.6199951171875,-0.008467136087412452,,,
254,QCOM,Qualcomm,Information Technology,254,159.300003,,271,162.179993,-0.017757985721456926,229,165.789993,-0.02177453496846471,257,164.789993,0.006068329646691684,259,163.070007,0.010547531282070866,296,162.679993,0.002397430641640108,312,162.169998,0.0031448172059544977,273,167.860001,-0.03389731303528365,301,160.389999,0.046573988693646706,281,157.529999,0.0181552721269298,250,162.669998,-0.03159770740268886,248,151.570007,0.0732334267161443,297,147.610001,0.026827491180628105,297,151.600006,-0.02631929315358994,300,155.679993,-0.026207523018066836,288,162.880005,-0.04420439451730129,331,170.039993,-0.04210767051725295,297,166.970001,0.01838648848064639,307,171.110001,-0.024194962163550104,349,175.630005,-0.025735944151456303,371,173.5,0.01227668587896269,349,170.320007,0.018670695568959284,336,171.779999,-0.00849919669635113,246,170.667603,0.006857733973051117,256,177.979996,-0.04108547681954089,211,178.100006,-0.0006738349014991929,128,183.979996,-0.03195994199282404,166,189.160004,-0.027384266707881744,241,191.110001,-0.010203531943888344,236,186.559998,0.024388952877240078,335,182.970001,0.019620686344096416,351,186.479996,-0.01882236741360721,353,176.25,0.058042530496453804,289,181.919998,-0.03116753552295004,359,184.789993,-0.015531116990734506,307,188.720001,-0.020824544188085214,258,189.389999,-0.0035376630420701494,236,204.899994,-0.07569543901499576,251,197.41000366210938,0.037941288932854755,115,204.1300048828125,-0.03292020200557988,73,221.89999389648438,-0.08008107021399913,,,
255,MPWR,Monolithic Power Systems,Information Technology,255,1320.839966,,167,1415.98999,-0.06719681966113333,166,1402.01001,0.009971383870504669,235,1362.550049,0.02896037545847241,198,1425.01001,-0.04383124368368474,144,1402.109985,0.0163325454101233,195,1381.099976,0.015212518546883214,175,1401.540039,-0.014584002191320944,133,1359.079956,0.031241784423756025,95,1345.454956,0.0101229285112856,153,1335.030029,0.007808758435051022,89,1344.369995,-0.006947466869044461,67,1426.030029,-0.05726389510693819,200,1316.180054,0.08346120628872566,209,1248.76001,0.053989592443787426,203,1282.01001,-0.025935834931585244,175,1339.079956,-0.0426187739905205,156,1333.810059,0.003951010089060958,108,1397.150024,-0.04533512071857515,280,1398.449951,-0.0009295484611876459,307,1383.26001,0.010981262300787664,287,1328.800049,0.04098431591794749,301,1312.0,0.012804915396341432,283,1305.650024,0.004863459490121347,193,1352.660034,-0.034753750993133825,191,1376.410034,-0.01725503259445138,190,1291.380005,0.06584431280550929,187,1352.73999,-0.04535977752827436,197,1374.130005,-0.015566223663095125,160,1315.51001,0.044560660545638786,271,1272.810059,0.03354777933916386,268,1346.130005,-0.054467210245417674,227,1288.160034,0.04500214994249707,158,1331.72998,-0.03271680194509108,153,1382.359985,-0.036625774436027214,210,1312.77002,0.0530100199881165,197,1313.319946,-0.00041872964899003495,156,1438.300049,-0.08689431880843934,120,1434.949951171875,0.002334644492419491,111,1423.760009765625,0.007859429202538237,96,1537.8800048828125,-0.07420604639436745,,,
256,AMBA,AMBARELLA,Information Technology,256,75.980003,,129,78.540001,-0.03259483024452736,112,82.040001,-0.04266211552093957,212,81.959999,0.000976110309615974,247,83.529999,-0.01879564250922605,235,82.889999,0.007721076218133449,320,82.040001,0.010360775105304976,254,86.779999,-0.05462085796981864,167,83.790001,0.03568442492320778,138,81.849998,0.023701930939570737,244,82.230003,-0.004621245119010853,186,82.68,-0.005442634252539991,281,86.0,-0.03860465116279066,393,74.089996,0.1607505013227426,278,69.190002,0.07081939381935554,219,68.970001,0.00318980711628547,279,68.230003,0.01084563927104032,232,68.059998,0.0024978696002899703,237,70.510002,-0.03474690016318549,384,69.010002,0.021735979662774074,369,71.300003,-0.03211782473557545,376,65.699997,0.08523601606861586,415,61.84,0.06241909767141007,418,63.290001,-0.02291042782571595,392,68.879997,-0.08115557844754273,316,72.900002,-0.055144099996046636,270,72.0,0.012500027777777811,238,77.300003,-0.0685640723713814,282,78.379997,-0.01377894923879619,198,74.739998,0.04870215543757439,331,71.82,0.040657170704539114,183,79.730003,-0.09920986708102852,269,78.360001,0.01748343520312101,117,88.339996,-0.112972554356919,128,85.800003,0.029603646983555443,,,,,,,,,,,,,482,65.51000213623047,-0.03846740838139495,475,70.70999908447266,-0.07353976910677085,,,
257,VSNT,"Versant Media Group, Inc. - Class A Common Stock",,257,39.700001,,297,39.23,0.01198065256181513,273,39.650002,-0.010592735909572104,259,38.91,0.019018298637882403,221,37.869999,0.027462398401436383,286,36.759998,0.030195893917077887,276,36.759998,0.0,236,38.669998,-0.04939229632233233,258,38.220001,0.011773861544378095,,,,,,,,,,,,,,,,,,,308,37.195,-0.007787351891119565,334,35.880001,0.03790415167491212,379,35.380001,0.014132277723790887,389,35.560001,-0.005061867124244501,371,36.189999,-0.017408069008236216,372,36.080002,0.0011064176427983963,,,,370,35.900002,0.0016712255336366333,344,36.349998,-0.012379533005751453,,,,,,,,,,,,,,,,405,36.0,-0.00527774999999997,350,37.389999,-0.03717568968108298,364,37.220001,0.004567383004637771,358,37.950001,-0.01923583612026769,418,36.360001,0.043729371734615885,431,36.009998,0.00971960620492096,424,35.970001,0.0011119543755364614,431,36.139999,-0.004703873954174709,408,35.849998,0.008089289154214363,388,38.15999984741211,-0.06053464360586991,381,37.880001068115234,0.007391736869278187,375,38.529998779296875,-0.016869919981051584,,,
258,QRVO,"Qorvo, Inc. - Common Stock",,258,94.919998,,261,96.040001,-0.011661838695732563,186,98.110001,-0.021098766475397324,174,98.440002,-0.003352305905073072,162,98.239998,0.0020358713769519365,193,96.68,0.0161356847331402,199,96.995003,-0.0032476209109452148,145,99.080002,-0.021043590612765617,172,95.330002,0.03933703893135343,187,95.25,0.0008399160104985981,190,95.040001,0.002209585414461479,250,89.489998,0.06201813749062768,271,90.57,-0.011924500386441328,309,90.739998,-0.0018734626818044386,317,89.5,0.013854726256983252,340,91.760002,-0.024629489437020702,377,89.760002,0.022281639432227385,401,86.510002,0.03756791035561413,421,86.730003,-0.0025366193057781983,400,89.480003,-0.03073312369021708,394,88.93,0.0061846733385808594,383,85.720001,0.03744749139701953,400,85.5,0.002573111111111137,403,83.5,0.0239520958083832,412,83.440002,0.0007190555915852492,418,82.510002,0.01127136077393387,413,84.349998,-0.021813823872289806,424,85.809998,-0.01701433439026523,428,85.449997,0.004213001903323521,427,83.870003,0.01883860669469639,422,85.129997,-0.01480082279340389,419,87.129997,-0.02295420714865859,408,87.57,-0.0050245860454491975,392,90.879997,-0.036421623121312474,380,93.269997,-0.02562453175590862,389,93.540001,-0.002886508414726263,364,93.879997,-0.003621602160894799,368,95.370003,-0.0156234240655313,354,97.18000030517578,-0.018625200658571872,244,99.5999984741211,-0.024297169162593724,257,101.9800033569336,-0.02333795773667502,,,
259,ALM,Almonty Industries Inc. - Common Shares,,259,15.965,,225,16.360001,-0.024144313927609184,281,15.09,0.08416176275679255,417,13.85,0.08953068592057756,452,14.37,-0.036186499652052895,458,13.29,0.08126410835214437,461,13.7,-0.029927007299270114,397,14.18,-0.0338504936530325,437,13.42,0.05663189269746649,475,13.31,0.008264462809917328,480,13.28,0.0022590361445784524,474,12.56,0.0573248407643312,491,11.06,0.13562386980108498,487,11.67,-0.05227077977720651,489,10.95,0.0657534246575342,485,12.23,-0.10466067048242034,474,13.35,-0.08389513108614222,478,13.34,0.0007496251874061777,485,14.18,-0.05923836389280679,475,14.29,-0.007697690692792136,475,15.0,-0.04733333333333334,477,13.93,0.07681263460157939,494,13.77,0.01161946259985469,463,13.175,0.04516129032258065,475,14.01,-0.05960028551034968,403,15.79,-0.11272957568081066,373,15.015,0.05161505161505153,288,16.610001,-0.09602654448967218,430,14.7,0.1299320408163267,420,14.95,-0.01672240802675584,459,15.2,-0.016447368421052655,452,16.209999,-0.06230715992024427,458,15.71,0.03182679821769563,449,15.95,-0.015047021943573546,462,16.559999,-0.03683569063017467,472,16.139999,0.026022306445000476,472,16.280001,-0.008599630921398482,481,16.450001,-0.010334345876331641,466,16.459999084472656,-0.0006074119445571569,415,18.190000534057617,-0.0951073064811816,329,18.65999984741211,-0.025187513397642136,,,
260,FORM,"FormFactor, Inc. - Common Stock",,260,124.150002,,122,138.160004,-0.10140418061945033,223,131.600006,0.049848006845835346,306,131.669998,-0.0005315713606981465,341,128.770004,0.022520726177813755,350,121.07,0.06359960353514493,416,112.470001,0.07646482549600053,406,117.389999,-0.04191156011509978,376,115.209999,0.0189219687433555,322,114.440002,0.006728390305340781,371,120.300003,-0.0487115615450151,464,108.800003,0.10569852649728317,490,106.199997,0.0244821664166337,497,105.379997,0.007781362908939826,492,83.449997,0.26279210051978796,498,88.230003,-0.05417665009033268,505,98.800003,-0.10698380241952021,481,104.040001,-0.050365224429399946,473,112.75,-0.07725054545454546,498,113.389999,-0.0056442279358340786,494,113.75,-0.0031648439560438835,491,105.309998,0.08014435628419636,497,105.57,-0.002462839821919083,498,107.110001,-0.014377751709665265,474,115.809998,-0.07512302176190344,460,116.330002,-0.004470076429638481,447,110.300003,0.05466907376240049,433,117.519997,-0.06143630177254,434,119.440002,-0.0160750583376581,438,111.589996,0.07034686155916714,449,106.050003,0.05223944218087384,426,118.669998,-0.10634528703708246,372,123.589996,-0.03980903114520684,112,147.130005,-0.15999461836489448,69,159.929993,-0.08003494378943654,278,144.169998,0.10931535838684003,416,130.740005,0.10272290413328333,287,148.75,-0.12107559663865552,286,141.4199981689453,0.05183143900200027,260,142.7899932861328,-0.00959447487331988,137,156.66000366210938,-0.08853575032463279,,,
261,GH,"Guardant Health, Inc. - Common Stock",,261,161.369995,,362,161.669998,-0.0018556504219169323,381,157.210007,0.028369638072721415,409,159.539993,-0.014604400791217387,358,165.110001,-0.03373513394866978,329,165.089996,0.00012117633099939518,311,167.210007,-0.012678732798569792,326,168.479996,-0.007537921593967822,332,157.580002,0.06917117566732855,336,163.179993,-0.03431787743733994,376,159.789993,0.021215346069888064,352,158.830002,0.006044141458866115,342,161.990005,-0.01950739491612452,300,152.350006,0.06327534375023247,358,144.070007,0.05747205245849685,370,143.619995,0.003133352009934365,335,145.470001,-0.012717439934574637,240,147.330002,-0.012624726632393668,161,150.199997,-0.019107823284443826,133,150.75,-0.003648444444444454,156,152.289993,-0.010112240270442552,168,148.070007,0.028499937870604786,105,155.869995,-0.05004162603585116,67,155.0,0.005612870967741879,55,162.960007,-0.048846383517889724,57,160.110001,0.017800299682716236,71,158.399994,0.010795499146294185,63,160.050003,-0.010309334389703273,53,164.080002,-0.02456118326961021,68,156.169998,0.050649959027341485,66,162.919998,-0.04143137787173312,37,168.820007,-0.03494851768368901,33,167.979996,0.005000660912028998,34,170.770004,-0.01633781070825535,80,150.029999,0.1382390531109714,81,153.740005,-0.024131689081186125,66,149.220001,0.030290872334198582,73,142.940002,0.043934510368902835,92,136.9600067138672,0.04366234443898653,129,130.8300018310547,0.0468547344362189,141,128.8300018310547,0.015524334153157904,,,
262,WDC,Western Digital,Information Technology,262,499.940002,,103,536.01001,-0.0672935343129133,204,508.799988,0.05347881808519217,352,487.290009,0.044142048067314255,446,454.100006,0.07308963347602337,444,437.929993,0.0369237395439137,441,438.339996,-0.0009353538434579978,440,434.299988,0.009302344258871997,413,451.519989,-0.03813784864350722,284,519.169983,-0.13030413200911117,307,548.559998,-0.05357666455292631,242,527.219971,0.04047651487769599,313,544.840027,-0.0323398706534459,367,533.039978,0.02213726828571927,409,462.040009,0.15366627914683462,409,463.51001,-0.0031714547006224114,435,497.920013,-0.0691074913672931,414,519.799988,-0.04209306561199844,364,558.299988,-0.0689593423383702,414,556.669983,0.002928135250288788,427,548.390015,0.015098684829263354,426,487.420013,0.12508719456293638,429,477.220001,0.021373814967155846,477,466.809998,0.022300300003428752,439,513.840027,-0.09152659685657372,377,563.320007,-0.08783636189935651,311,555.549988,0.013986174363845194,315,582.585022,-0.046413494476107764,352,578.049988,0.007845401079741965,370,550.299988,0.05042704089610117,427,532.099976,0.03420412106915793,409,577.460022,-0.07855097196667926,412,539.0,0.07135440074211497,311,598.369995,-0.09921953890752833,185,638.719971,-0.06317318673600703,155,651.880005,-0.020187816621250687,273,586.450012,0.11156959955864054,97,675.390015,-0.13168687872887774,68,643.8300170898438,0.049019146617390374,28,670.75,-0.04013415281401411,15,732.6199951171875,-0.08445032270788622,,,
263,SOLS,Solstice Advanced Materials Inc. - Common Stock,,263,60.869999,,301,62.549999,-0.026858513618841173,284,62.650002,-0.0015962170280537924,325,62.57,0.0012785999680358096,370,62.209999,0.005786867156194475,335,61.110001,0.01800029425625449,332,60.32,0.01309683355437663,337,60.959999,-0.010498671432064843,272,62.18,-0.01962047282084267,264,62.5,-0.005120000000000013,327,63.52,-0.016057934508816207,414,62.23,0.02072955166318513,418,60.169998,0.034236364774351546,437,57.389999,0.04844047827915099,426,55.66,0.03108154868846591,433,57.310001,-0.028790803894768735,442,60.59,-0.05413432909721083,448,60.540001,0.0008258836996055674,470,60.880001,-0.005584756807083591,462,60.669998,0.003461397839505498,468,60.080002,0.009820172775626634,471,56.470001,0.06392776582383974,460,58.380001,-0.032716683235411326,458,58.240002,0.002403828900967575,457,61.029999,-0.045715173614864435,447,63.360001,-0.036774020884248415,437,61.060001,0.03766786705424385,427,61.299999,-0.003915138726184986,418,62.799999,-0.02388535069881137,439,61.009998,0.02933946990131031,429,62.099998,-0.01755233550893187,444,68.050003,-0.08743577865823171,343,80.190002,-0.15139043144056785,284,82.949997,-0.03327299698395392,224,88.599998,-0.06376976441918203,309,82.540001,0.07341891115315091,333,82.690002,-0.0018140161612283379,281,86.910004,-0.04855599822547463,246,86.66000366210938,0.0028848371620200375,233,84.66999816894531,0.023503083110973932,307,86.94999694824219,-0.02622195605136124,,,
264,CG,The Carlyle Group Inc. - Common Stock,,264,48.25,,310,48.540001,-0.005974474536990515,293,49.279999,-0.015016193486529938,202,51.41,-0.041431647539389216,260,48.27,0.06505075616324829,215,48.360001,-0.0018610628233857174,229,47.799999,0.01171552325764691,208,47.790001,0.00020920694268244944,138,48.880001,-0.022299508545427504,145,49.84,-0.01926161717495989,139,50.639999,-0.01579776887436357,130,48.91,0.03537106931097944,189,46.02,0.0627987831377661,218,45.360001,0.014550242183636763,189,44.700001,0.014765100340825343,187,46.470001,-0.038089088915664204,220,46.279999,0.004105488420602654,198,45.400002,0.019383192978713826,296,44.41,0.0222923215492008,342,44.080002,0.007486342673033386,339,44.610001,-0.011880721544928807,351,44.740002,-0.002905699467782741,337,46.07,-0.028869068808335174,265,46.630001,-0.012009457173290605,285,46.110001,0.011277379933260168,271,45.48,0.013852264731750275,321,44.139999,0.0303579753139549,326,44.709999,-0.012748826051192763,310,44.18,0.011996355817111892,328,43.09,0.02577199907127925,285,44.009998,-0.020904295428506914,246,44.040001,-0.0006812670145033284,310,42.830002,0.028251201108979496,337,42.330002,0.011811953139052589,337,42.110001,0.005224435876883593,354,40.52,0.039239906219150855,358,41.400002,-0.021256085929657664,350,41.900002,-0.011933173654741114,385,41.060001373291016,0.020457890393134726,360,42.90999984741211,-0.043113470053600444,354,44.56999969482422,-0.03724478348665028,,,
265,LIVN,LIVANOVA PLC,Health Care,265,79.800003,,292,81.480003,-0.020618555941879335,283,82.220001,-0.00900021881537072,225,82.199997,0.00024335767311534084,230,80.779999,0.017578584025483845,,,,,,,,,,,,,,,,,,,,,,,,,,,,,,,,,,,,,,,,,,,,,,,,,,,,,,,,,,,,,,,,,,,,,,,,,,,,,,,,,,,,,,,,,,,,,,,,,,,,,,,,,,,,,,,
266,LFUS,"Littelfuse, Inc. - Common Stock",,266,444.648102,,186,471.809998,-0.05756956426345172,254,457.570007,0.031120901243861576,298,450.0,0.016822237777777804,272,459.01001,-0.019629223336545598,259,453.869995,0.011324861869311365,265,455.179993,-0.002877977987050917,245,456.549988,-0.0030007557463783696,194,459.23999,-0.005857508184337279,161,461.160004,-0.00416344432159399,178,466.459991,-0.011362147027096259,177,445.200012,0.04775377005156045,228,442.130005,0.006943674858710391,281,442.0,0.00029412895927594107,338,410.470001,0.0768143808882149,399,392.049988,0.04698383768347436,415,402.98999,-0.02714708124636045,411,404.859985,-0.00461886842188175,409,415.170013,-0.024833267522141544,404,416.079987,-0.0021870169881543777,401,414.529999,0.003739145547340783,392,401.649994,0.03206773357999837,401,397.75,0.009805138906348265,387,402.01001,-0.010596775936002278,383,415.429993,-0.03230383753250099,383,416.309998,-0.0021138214413000123,379,407.220001,0.022322078919694288,386,415.160004,-0.01912516360800498,403,410.559998,0.011204223554190484,399,401.559998,0.022412591007135108,400,404.359985,-0.006924490809841144,394,422.019989,-0.041846368561466396,396,418.470001,0.008483255649190502,340,440.390015,-0.04977409399257149,336,455.329987,-0.03281130702248258,355,449.019989,0.014052822044855473,340,452.359985,-0.007383491269679854,297,477.220001,-0.052093407543494896,292,463.69000244140625,0.02917897505152589,231,466.9599914550781,-0.007002717712490281,185,489.1000061035156,-0.04526684671518899,,,
267,PODD,Insulet Corporation,Health Care,267,146.229996,,386,139.699997,0.0467430146043597,358,143.339996,-0.025394161445351338,207,146.440002,-0.021169120169774236,263,145.059998,0.009513332545337372,163,144.699997,0.0024879129748704987,232,142.850006,0.0129505839852746,224,141.169998,0.011900602279529826,234,139.300003,0.013424227995170845,312,133.259995,0.0453249904444315,67,166.820007,-0.20117498256668942,59,169.699997,-0.01697106688811545,61,165.350006,0.026307776487168644,45,165.679993,-0.0019917130247584236,50,170.619995,-0.028953241969090437,49,167.470001,0.018809303046460224,51,165.0,0.014969703030303094,26,163.259995,0.010657877332410859,25,158.380005,0.03081190709647963,21,158.929993,-0.00346056769787928,32,163.720001,-0.029257317192418086,28,167.369995,-0.02180793516782975,40,164.059998,0.02017552749208229,29,164.429993,-0.002250167340212661,49,159.279999,0.032332961026701135,48,159.119995,0.0010055555871530952,60,162.059998,-0.01814144783588123,100,161.279999,0.004836303353399796,97,158.289993,0.018889418991887785,101,157.460007,0.005271090836417969,54,161.550003,-0.02531721401453646,50,159.770004,0.011141008671440078,44,164.479996,-0.0286356524473651,66,159.789993,0.029351043278410982,79,152.25,0.049523763546797994,52,157.740005,-0.03480413862038356,56,158.25,-0.0032227172195893328,90,153.820007,0.02879984916396472,112,148.8800048828125,0.03318109775721734,159,143.89999389648438,0.03460744411149874,216,138.97000122070312,0.03547523180920176,,,
268,LIN,Linde plc,Materials,268,478.75,,309,474.329987,0.009318434678682763,299,482.73999,-0.017421392828880777,270,478.200012,0.009493889347706563,281,479.429993,-0.002565506993635225,262,490.529999,-0.022628597685418916,253,492.459991,-0.003919083855078109,244,489.980011,0.005061390147199418,219,490.109985,-0.0002651935360998836,226,491.049988,-0.0019142715058980686,233,484.640015,0.01322625619347595,239,480.459991,0.008700045952421354,207,478.380005,0.004347978548978171,157,508.640015,-0.059491996515453116,150,511.170013,-0.0049494257011512,174,511.179993,-1.9523455801695455e-05,190,507.019989,0.008204812611441348,144,512.280029,-0.0102678997857244,144,506.320007,0.011771255169855444,155,508.670013,-0.004619902765921502,166,505.029999,0.007207520359597597,159,512.049988,-0.013709577511014426,155,513.219971,-0.002279691099549952,278,520.73999,-0.014441024588874085,305,514.150024,0.012817204497495016,270,522.539978,-0.016056099730612394,261,524.059998,-0.00290046942296851,266,529.789978,-0.010815568881901494,267,525.559998,0.008048519704880741,247,527.669983,-0.003998683017752858,210,538.22998,-0.019619860268653144,220,540.52002,-0.0042367348391648685,176,546.640015,-0.011195658627369043,214,533.549988,0.024533834306823987,243,518.940002,0.028153516675709866,277,511.059998,0.015418941084878401,260,519.619995,-0.01647357122968296,254,522.280029,-0.005093118350883774,285,515.72998046875,0.012700539534273414,283,512.260009765625,0.0067738451806924616,268,516.7100219726562,-0.00861220377103511,,,
269,BSY,"Bentley Systems, Incorporated - Class B Common Stock",,269,35.349998,,308,34.740002,0.017558893635066575,277,36.240002,-0.041390726192564786,185,36.560001,-0.008752707638055135,192,35.73,0.023229806884970783,194,36.25,-0.014344827586207032,214,35.310001,0.026621324649636735,212,35.209999,0.002840159126388908,208,35.360001,-0.004242137889079678,208,36.040001,-0.01886792400477455,194,36.080002,-0.001108675104840695,166,35.889999,0.00529403748381263,135,35.439999,0.012697517288304816,100,35.209999,0.006532235345987791,66,36.959999,-0.047348486129558554,97,35.84,0.03124997209821423,132,33.709999,0.06318602975930077,200,31.4,0.07356684713375805,249,30.120001,0.042496645335436734,298,29.74,0.012777437794216473,275,31.26,-0.0486244401791428,215,32.349998,-0.03369391243857256,250,32.34,0.0003091527520098225,179,33.110001,-0.023255843453462655,251,31.540001,0.049778058028596694,267,31.15,0.01252009630818618,348,31.75,-0.018897637795275646,362,31.67,0.002526049889485238,354,31.610001,0.0018981018064505584,343,31.65,-0.0012637914691943086,291,32.439999,-0.024352620972645567,293,32.599998,-0.00490794508637693,316,32.259998,0.010539368291343276,376,31.280001,0.03132982636413617,356,29.889999,0.04650391590846148,343,29.719999,0.0057200540282655865,319,30.0,-0.00933336666666662,371,28.709999,0.04493211581094103,397,28.65999984741211,0.0017445568736915718,418,28.420000076293945,0.008444757213230014,412,28.8700008392334,-0.015587148750012103,,,
270,SHAZ,SHARONAI HOLDINGS INC CLASS A,Information Technology,270,72.150002,,236,76.900002,-0.061768528952704016,296,76.464996,0.0056231331813374474,414,72.019997,0.06171895563950103,447,68.459999,0.05200114011103052,485,56.580002,0.20996812619412775,499,52.700001,0.07362430600333392,499,49.790001,0.05844546980426868,504,52.150002,-0.04525409222419596,480,57.02,-0.0854085934759734,492,55.52,0.02701729106628248,455,52.380001,0.05994652424691638,486,48.25,0.08559587564766846,477,48.77,-0.010662292392864536,466,40.09,0.2165128460962833,477,44.98,-0.1087149844375277,473,58.790001,-0.23490390823432716,463,64.889999,-0.09400521026360331,454,70.175003,-0.07537761470504423,452,70.489998,-0.0044686481619703455,457,71.0,-0.00718312676056343,462,62.34,0.1389156239974334,424,63.639999,-0.020427388755930087,390,65.599998,-0.029878034447501034,198,70.629997,-0.0712161859500009,366,71.260002,-0.008840934357537633,272,68.260002,0.04394960316584817,143,74.620003,-0.08523185130399946,61,80.0,-0.06724996250000004,185,76.169998,0.05028229093559888,339,71.760002,0.061454792044180806,312,79.959999,-0.10255123940159128,440,67.910004,0.17744064630006484,349,79.110001,-0.14157498240961974,235,84.660004,-0.06555637535760106,320,81.0,0.045185234567901134,129,82.050003,-0.012797111049465792,119,80.769997,0.015847542992975416,80,83.69000244140625,-0.03489072685169736,22,84.36000061035156,-0.007942140730889613,39,91.91000366210938,-0.08214560626066347,,,
271,AVT,"Avnet, Inc. - Common Stock",,271,92.589996,,215,98.629997,-0.061238985944610747,239,95.709999,0.030508808175831348,227,95.989998,-0.0029169601607867968,193,97.309998,-0.013564895972970725,180,95.959999,0.014068351543021551,185,97.400002,-0.0147844247477531,184,96.529999,0.009012773324487355,126,96.800003,-0.002789297434215965,105,97.220001,-0.0043200781287792145,189,92.529999,0.050686286076799814,217,88.879997,0.041066630549053684,287,88.839996,0.0004502589126635925,337,86.800003,0.02350222269001523,342,83.589996,0.03840180827380357,339,86.220001,-0.03050342112614912,361,88.379997,-0.024439874104091763,324,89.419998,-0.011630519159707475,334,89.919998,-0.005560498344317155,353,90.129997,-0.0023299568067221,350,89.849998,0.0031162938924049755,368,85.019997,0.05681017608128114,371,85.650002,-0.007355574842835333,363,84.760002,0.01050023571259473,349,86.209999,-0.0168193598981482,330,86.050003,0.0018593375295987702,314,85.150002,0.010569594584389996,306,87.129997,-0.022724607691654186,338,86.279999,0.009851622738196841,365,83.239998,0.03652091630276111,365,81.480003,0.021600330574361948,399,82.459999,-0.011884501720646368,395,82.18,0.00340714285714272,302,87.279999,-0.0584326198262215,279,88.82,-0.01733844854762434,288,87.629997,0.01357985896085312,286,86.370003,0.014588328774285175,246,90.809998,-0.048893239706931824,244,88.23999786376953,0.029125113987423124,189,89.5999984741211,-0.015178571767378801,196,92.44999694824219,-0.030827464494130763,,,
272,CINF,Cincinnati Financial,Financials,272,172.110001,,305,171.059998,0.006138214733289127,257,173.169998,-0.012184558667027168,219,172.669998,0.0028956970278066763,254,172.470001,0.001159604562186889,260,173.210007,-0.004272305121493347,224,173.860001,-0.0037386057532579064,172,176.860001,-0.016962569167914943,186,179.039993,-0.012176005837980508,223,177.789993,0.007030766911611197,202,179.419998,-0.00908485686194238,187,178.029999,0.007807667290949061,154,177.679993,0.0019698672545536144,179,174.729996,0.016883174426444825,153,181.330002,-0.03639776058680022,141,182.630005,-0.007118233392152673,112,184.229996,-0.00868474751527426,110,182.809998,0.007767616736148009,103,179.380005,0.019121378662019684,89,179.229996,0.0008369636966347738,82,180.509995,-0.007091014544651664,95,180.360001,0.0008316367219358689,86,180.789993,-0.0023784059773706012,198,176.289993,0.025526122744811808,199,172.429993,0.02238589663458379,147,180.029999,-0.04221521992009791,136,182.669998,-0.014452285700468415,134,179.279999,0.018908963737778617,179,175.429993,0.021946110435061117,174,181.565002,-0.033816234858657035,107,189.059998,-0.039643478680244204,111,189.589996,-0.0027954956019937693,99,192.029999,-0.012706363655191177,110,187.210007,0.025746444205837937,126,185.139999,0.011180771368590081,122,186.160004,-0.005479184454680208,138,184.080002,0.011299445770323269,161,177.729996,0.035728386557776215,164,178.4499969482422,-0.004034749297305962,188,175.80999755859375,0.015016205164850582,229,172.4600067138672,0.01942474118071913,,,
273,LITE,Lumentum,Information Technology,273,882.859985,,67,968.900024,-0.08880177197724992,104,926.140015,0.04617013443696205,243,880.409973,0.05194175827447145,269,932.469971,-0.05583021396835952,388,820.590027,0.13634085270207663,398,813.51001,0.008703048411168313,295,890.169983,-0.08611835319547056,244,838.059998,0.062179301153090005,237,826.26001,0.014281204290644611,241,849.469971,-0.027322874018344767,332,779.890015,0.08921765205571974,425,713.940002,0.09237472730936824,441,693.23999,0.02985980655847631,450,602.349976,0.15089236759594393,450,651.929993,-0.07605113667473185,454,711.960022,-0.08431657276396909,406,762.98999,-0.06688156944234624,347,833.640015,-0.08474884090106916,392,829.700012,0.00474870789805415,362,837.559998,-0.009384385618664615,407,765.549988,0.09406310643165994,453,732.820007,0.04466305598558784,426,706.22998,0.03765066303189246,420,752.0,-0.06086438829787244,301,814.799988,-0.07707411502809203,352,768.150024,0.06073027734488479,245,802.01001,-0.042218906968505165,372,785.77002,0.020667612134145807,446,707.099976,0.11125731391624316,444,698.909973,0.011718251729682994,440,731.25,-0.0442256779487179,457,728.320007,0.004022947292178447,339,801.159973,-0.09091812928102938,221,858.059998,-0.06631240837776464,304,851.400024,0.007822379389549994,381,816.97998,0.042130829203428144,343,861.969971,-0.052194383231014,404,842.530029296875,0.02307329273838854,429,827.9199829101562,0.01764668844815165,260,893.9299926757812,-0.07384248265177062,,,
274,GOOGL,Alphabet Inc. (Class A),Communication Services,274,343.369995,,283,344.0,-0.0018314098837208803,288,345.899994,-0.005492899777269078,320,346.359985,-0.0013280720057774476,282,343.540009,0.008208581027312034,252,343.799988,-0.0007561925802044289,211,357.519989,-0.038375479475638574,213,354.299988,0.009088346342252862,193,357.75,-0.00964363941299795,186,362.429993,-0.012912819276521659,141,377.649994,-0.04030187009615038,114,373.51001,0.011083997454311767,158,356.130005,0.048802416971296836,243,333.660004,0.0673440050669063,200,336.709991,-0.009058201661737986,168,333.709991,0.00898984172158035,221,326.559998,0.021894883157121958,222,319.73999,0.021329856174699957,241,317.690002,0.006452793563204384,195,342.089996,-0.07132624246632457,257,347.149994,-0.014575826263733105,229,351.98999,-0.01375037966278525,276,346.769989,0.015053208655838812,332,354.459991,-0.02169497882766691,257,370.920013,-0.04437620355631766,293,359.51001,0.0317376503647282,336,352.51001,0.019857592129086,340,357.179993,-0.013074592898600579,341,358.890015,-0.0047647522319616,338,361.920013,-0.00837201008831745,306,367.029999,-0.013922529531434802,286,366.459991,0.0015554440157150573,272,359.910004,0.018198957870590338,307,361.209991,-0.003598978523271179,325,357.369995,0.010745155031831821,352,353.649994,0.010518877599641652,386,337.390015,0.04819342089895562,378,343.709991,-0.01838752484794659,383,345.2900085449219,-0.0045759157775109305,405,346.1300048828125,-0.0024268222571457443,414,349.67999267578125,-0.010152104984742505,,,
275,ROKU,"Roku, Inc. - Class A Common Stock",,275,159.529999,,315,158.309998,0.0077064052518021064,310,157.679993,0.003995465677119947,311,154.080002,0.023364427266816756,304,151.789993,0.015086692836200344,304,150.910004,0.0058312171272623115,269,151.839996,-0.006124815756712976,251,153.110001,-0.008294722694175971,262,150.070007,0.020257172374223975,299,146.960007,0.021162220004521393,303,147.330002,-0.0025113350639879295,303,145.839996,0.010216717230299377,278,145.009995,0.005723750283558093,265,145.089996,-0.0005513888083642504,255,145.330002,-0.001651455285880954,287,143.910004,0.00986726398812432,299,142.919998,0.006926994219521365,300,141.970001,0.0066915333754205,292,141.669998,0.002117618438873814,289,143.080002,-0.009854654600857549,310,144.270004,-0.008248436729786146,306,144.130005,0.0009713383413814114,293,144.429993,-0.002077047805437382,271,143.820007,0.00424131532687233,306,143.320007,0.0034886964525475683,86,141.759995,0.011004599710940921,84,142.339996,-0.004074757737101642,124,140.690002,0.011727869617913722,154,140.259995,0.003065785080057948,147,139.25,0.007253105924596159,158,141.210007,-0.013880085708089962,138,142.259995,-0.0073807678680152256,156,142.429993,-0.0011935547872981012,181,140.509995,0.013664494116592873,205,138.139999,0.01715647905861073,209,136.529999,0.011792280171334157,201,135.399994,0.008345679838065667,121,134.729996,0.004972894083660417,88,135.92999267578125,-0.008828051657443936,75,135.05499267578125,0.006478842289081355,65,135.1999969482422,-0.0010725148166977894,,,
276,MNDY,monday.com Ltd. - Ordinary Shares,,276,88.099998,,391,83.330002,0.05724224031579905,298,87.519997,-0.04787471599204929,201,94.290001,-0.07179980833810784,346,85.949997,0.09703320873879728,390,87.470001,-0.017377432063822695,308,88.620003,-0.0129767768118898,291,93.129997,-0.048426867231618265,342,87.57,0.06349202923375596,337,91.449997,-0.04242752462856836,179,93.800003,-0.025053368068655657,179,88.919998,0.05488084918760339,192,87.150002,0.02030976430729181,114,88.160004,-0.01145646499743802,73,90.25,-0.023157850415512438,145,87.089996,0.036284351190003505,117,82.099998,0.0607795142699028,250,77.43,0.06031251452925224,355,71.739998,0.07931422022063628,328,73.910004,-0.029360112062773003,364,72.839996,0.014689841553533256,350,76.75,-0.05094467752442999,292,78.690002,-0.024653729199295316,341,79.029999,-0.004302125829458769,252,80.709999,-0.020815264785221888,274,81.839996,-0.013807393147966418,,,,,,,,,,,,,,,,,,,,,,,,,,,,,,,371,73.019997,0.007943043328254351,461,67.089996,0.08838875172984073,423,70.91999816894531,-0.05400454185009995,456,70.01000213623047,0.012998085616395372,472,70.36000061035156,-0.004974402999226801,,,
277,PAYX,Paychex,Industrials,277,121.370003,,316,118.540001,0.023873814544678407,287,122.019997,-0.028519882687753184,181,125.400002,-0.026953787448902866,213,120.370003,0.041787811536400765,217,121.300003,-0.007666941277816863,181,121.18,0.0009902871761016119,153,120.040001,0.009496825978866807,145,120.129997,-0.0007491551007030584,179,118.269997,0.015726727379556715,136,118.660004,-0.003286760381366549,123,117.669998,0.008413410527974952,90,116.839996,0.0071037489593890335,73,116.330002,0.0043840281202780496,55,122.129997,-0.04749033933080349,61,118.870003,0.027424866810174198,69,115.480003,0.029355731831770093,70,113.550003,0.01699691720835972,110,110.660004,0.02611602110551159,101,110.739998,-0.0007223586910305446,122,111.959999,-0.010896757867959628,102,115.199997,-0.028124983371310308,123,114.389999,0.007081021130177501,99,114.699997,-0.00270268533660023,160,110.0,0.042727245454545315,158,109.519997,0.004382788651829506,184,110.75,-0.011106121896162446,216,107.540001,0.029849348801847198,232,106.260002,0.012045915451799116,227,106.580002,-0.0030024394257376352,197,108.120003,-0.014243442076116164,219,105.389999,0.025903824138000076,234,106.349998,-0.009026789074316643,283,102.709999,0.03543957779612095,271,98.330002,0.04454385142797013,215,99.809998,-0.014828133750689032,191,99.900002,-0.0009009409229041587,229,96.720001,0.032878421909859235,264,96.30000305175781,0.004361349812211257,222,97.98999786376953,-0.017246607148619364,285,95.93000030517578,0.02147397060356493,,,
278,CSCO,Cisco,Information Technology,278,111.239998,,302,112.900002,-0.01470331240561007,282,111.68,0.010924086676217692,272,113.470001,-0.015775103412575042,251,123.879997,-0.08403290484419379,314,120.43,0.028647322095823213,304,122.57,-0.0174594109488454,272,121.43,0.00938812484559004,241,120.879997,0.00454999184025473,193,121.5,-0.0051029053497941845,207,121.739998,-0.001971398093829402,227,115.860001,0.05075087993482752,267,115.989998,-0.0011207604297053253,301,113.559998,0.021398380088030633,311,112.480003,0.009601662261691013,280,115.580002,-0.026821240234967236,344,114.57,0.008815588723051437,344,114.169998,0.003503564920794622,365,112.760002,0.012504398501163694,354,112.209999,0.004901550707615776,344,112.18,0.00026741843465849513,336,110.699997,0.01336949449059155,332,111.940002,-0.01107740734183671,197,109.660004,0.020791518482891957,181,111.769997,-0.018877991022939744,140,117.089996,-0.045435128377662615,125,119.25,-0.01811324109014678,117,121.309998,-0.01698127140353256,205,118.309998,0.02535711309875932,210,113.82,0.03944823405376918,276,111.790001,0.018159039107620956,245,113.980003,-0.01921391421616292,252,112.690002,0.011447342063229282,168,117.010002,-0.03691992074318562,161,117.459999,-0.003831065927388577,146,117.699997,-0.002039065472533519,169,113.769997,0.03454337789953521,116,118.970001,-0.04370853119518758,129,119.7300033569336,-0.0063476320133392106,108,121.1500015258789,-0.011720998568369834,110,121.52999877929688,-0.003126775307551899,,,
279,SOUN,SOUNDHOUND AI CLASS A,Information Technology,279,7.035,,299,7.04,-0.0007102272727272929,222,7.43,-0.05248990578734858,213,7.48,-0.006684491978609763,219,7.4,0.010810810810810922,171,7.41,-0.0013495276653171517,191,7.46,-0.006702412868632712,105,8.02,-0.06982543640897754,289,7.08,0.13276836158192085,335,6.43,0.10108864696734066,348,6.51,-0.01228878648233489,377,6.1,0.06721311475409841,359,6.13,-0.004893964110929905,343,6.14,-0.0016286644951140072,369,5.7,0.07719298245614037,348,6.24,-0.08653846153846156,205,6.41,-0.026521060842433664,260,6.16,0.0405844155844155,344,6.22,-0.009646302250803762,308,6.46,-0.037151702786377694,378,6.555,-0.01449275362318836,380,6.31,0.03882725832012679,394,6.27,0.006379585326953707,408,6.31,-0.006339144215530945,389,6.5,-0.029230769230769282,393,6.69,-0.02840059790732441,404,6.49,0.03081664098613257,417,6.64,-0.02259036144578308,412,6.68,-0.005988023952095856,388,6.8,-0.01764705882352946,439,6.64,0.024096385542168752,437,6.96,-0.04597701149425293,469,6.55,0.0625954198473282,479,6.68,-0.019461077844311392,485,6.47,0.032457496136012454,476,6.4,0.010937499999999822,474,6.41,-0.0015600624024960652,482,6.21,0.03220611916264082,479,6.340000152587891,-0.02050473186119872,486,6.440000057220459,-0.015527950310559091,483,6.880000114440918,-0.06395348837209291,,,
280,CVCO,CAVCO INDUSTRIES,Consumer Discretionary,280,593.5,,286,599.97998,-0.010800327037578716,301,605.049988,-0.008379486159084126,238,607.099976,-0.003376689311547554,234,598.380005,0.014572630982213397,225,594.179993,0.0070685853604632864,266,583.169983,0.01887958969246184,241,592.22998,-0.015298105982408994,218,578.169983,0.02431810265736334,230,587.72998,-0.016265967919485647,283,566.559998,0.03736582546373146,334,545.640015,0.03834026542206592,328,547.030029,-0.002541019553425783,,,,,,,,,,,,,,,,,,,,,,,,,,,,,,,,,,,,,,,,,,,,,,,,,,,,,,,,,,,,,,,,147,614.380005,-0.020329421365202216,144,613.830017,0.000895993980040144,143,618.299988,-0.00722945348011228,123,608.52002,0.01607172759903608,89,611.5999755859375,-0.005035899478190831,97,585.0,0.04547004444444447,128,587.1599731445312,-0.0036786788938694137,,,
281,BSP,Bending Spoons S.p.A. - Ordinary Shares,,281,40.075001,,318,38.5,0.040909116883116825,272,39.310001,-0.020605468822043504,247,40.919998,-0.039344992147849034,33,48.98,-0.16455700285830943,23,53.439999,-0.08345806668147582,22,51.43,0.039082228271436925,95,44.450001,0.15703034517367054,69,45.150002,-0.015503897430613645,119,43.75,0.03200004571428572,364,37.450001,0.16822426787118117,356,36.220001,0.033959137659880234,417,35.200001,0.028977271904054858,348,34.740002,0.01324119094754228,345,32.700001,0.062385349774148224,366,32.689999,0.0003059651363097604,373,33.259998,-0.017137673910864404,367,34.060001,-0.023488049809511025,383,33.349998,0.02128944655408982,398,33.779999,-0.012729455675827506,320,33.880001,-0.002951652805441296,320,33.419998,0.013764303636403685,307,32.400002,0.03148135608139779,255,32.119999,0.008717403758325082,274,33.349998,-0.036881531447168325,,,,,,,,,,,,,,,,,,,,,,,,,,,,,,,,,,,,,,,,,,,,,,,,,,,
282,ROIV,Roivant Sciences Ltd. - Common Shares,,282,36.584999,,326,36.240002,0.009519784242837614,302,36.200001,0.0011049999694749957,309,36.279999,-0.0022050165988151127,302,36.16,0.0033185564159292635,315,35.25,0.025815602836879226,337,35.779999,-0.014812717015447507,343,36.34,-0.015410044028618786,358,35.119999,0.03473807046520716,386,34.599998,0.015028931504562637,362,34.59,0.00028904307603339063,360,33.32,0.038115246098439526,336,33.91,-0.017398997345915546,335,34.52,-0.017670915411355903,349,32.869999,0.050197780657066815,342,33.84,-0.028664332151300376,324,34.720001,-0.025345650191657576,287,35.009998,-0.008283262398358304,206,35.099998,-0.0025641027102051295,192,34.91,0.005442509309653509,213,34.959999,-0.001430177386446907,265,34.049999,0.02672540460280204,188,34.509998,-0.013329441514311369,117,33.93,0.017093958149130728,92,34.889999,-0.027515019418602016,81,34.91,-0.000572930392437554,75,34.509998,0.011590901859802827,64,35.970001,-0.040589462313331603,68,36.810001,-0.02281988528063328,78,36.09,0.01995015239678577,76,36.310001,-0.006058964305729386,88,35.389999,0.025996101327948606,80,35.130001,0.00740102455448266,90,35.029999,0.0028547531502927104,108,35.389999,-0.010172365362316249,107,34.73,0.01900371436798176,105,34.07,0.01937188142060453,107,34.02,0.0014697236919458678,118,34.0099983215332,0.0002940899908314698,228,32.209999084472656,0.05588323675514539,353,31.25,0.030719968000000097,,,
283,XEL,Xcel Energy,Utilities,283,79.800003,,312,79.209999,0.0074486050681557,321,79.169998,0.0005052545283630305,286,78.980003,0.002405608923565339,293,78.599998,0.004834669334215391,305,77.660004,0.012103965382231907,302,76.870003,0.01027710380081559,258,78.07,-0.015370782630972135,276,76.970001,0.014291269140038088,282,77.199997,-0.002979222913700341,260,77.75,-0.007073993569131853,264,77.690002,0.0007722744041118723,209,78.199997,-0.006521675442007879,249,78.230003,-0.0003835612789123699,260,78.75,-0.006603136507936536,276,80.330002,-0.01966889033564312,267,80.709999,-0.0047081774836845725,213,81.669998,-0.011754610303774116,208,80.769997,0.011142763816123447,212,80.190002,0.007232759515332088,208,78.720001,0.018673792953839197,212,78.669998,0.0006356044397000105,229,78.769997,-0.0012695062055162465,206,79.980003,-0.015128856646829503,221,79.25,0.00921139432176643,206,80.169998,-0.011475589658864749,220,80.480003,-0.0038519506516419,222,80.059998,0.005246128035126807,252,79.019997,0.013161238161018884,244,79.620003,-0.007535870100381592,206,80.669998,-0.013015929416534844,212,80.370003,0.003732673743959136,195,81.959999,-0.019399658606633174,204,79.699997,0.02835636242244788,237,80.300003,-0.007472054515365478,214,81.980003,-0.020492802372793162,230,82.230003,-0.0030402528381276994,213,81.75,0.0058715963302751195,217,81.47000122070312,0.0034368356028373626,221,80.33000183105469,0.014191447424587444,252,78.80999755859375,0.019286943770763676,,,
284,LULU,Lululemon Athletica,Consumer Discretionary,284,121.065002,,348,115.739998,0.04600832980833469,330,119.550003,-0.03186955168876071,304,119.559998,-8.35981947741038e-05,288,120.870003,-0.010838131608220447,276,125.610001,-0.03773583283388393,244,127.800003,-0.01713616548193675,201,128.580002,-0.006066254377566471,205,124.730003,0.03086666325182419,228,123.510002,0.00987775062945917,225,123.029999,0.0039015118580956187,222,123.669998,-0.005175054664430467,242,118.870003,0.040380204247155715,222,119.474998,-0.0051054568520557675,226,119.029999,0.0037385449360543,265,120.32,-0.010721417885638185,231,117.830002,0.021132122190747227,268,114.279999,0.031064079725796834,266,110.629997,0.032992878052776176,205,113.370003,-0.02416870360319201,258,116.629997,-0.0279515912188526,270,116.669998,-0.0003428559242797391,289,116.330002,0.0029226854135186997,259,118.790001,-0.020708805280673537,312,117.419998,0.011667544058380885,349,117.32,0.0008523525400614407,298,120.300003,-0.02477142914119468,335,119.260002,0.008720450968967786,342,116.510002,0.023603123790179037,322,113.620003,0.02543565326256858,361,115.07,-0.012600999391674583,376,115.639999,-0.004929081675277502,356,118.43,-0.023558228489403032,412,116.400002,0.017439845061171022,418,114.18,0.01944300227710616,408,114.290001,-0.0009624726488539626,383,117.57,-0.027898264863485456,387,112.059998,0.0491701061782992,396,113.08999633789062,-0.009107772892661625,425,108.91999816894531,0.038284962142580925,444,105.43000030517578,0.03310251351607696,,,
285,DOX,Amdocs Limited - Ordinary Shares,,285,58.119999,,307,57.25,0.015196489082969444,275,58.220001,-0.016660958147355687,217,58.66,-0.007500835322195587,240,57.279999,0.02409219664965434,241,57.490002,-0.003652861240116212,196,58.59,-0.018774500768049318,196,58.549999,0.0006831938630775802,159,59.119999,-0.009641407470253882,272,55.290001,0.06927107850839076,209,56.720001,-0.025211565140839998,226,55.369999,0.024381470550505213,191,55.720001,-0.006281442816198135,212,55.279999,0.007959515339354573,188,56.82,-0.027103150299190526,255,54.869999,0.03553856452594428,246,53.099998,0.03333335342121857,299,52.099998,0.019193858702259536,339,50.849998,0.024582105194969728,316,51.220001,-0.0072237991561149295,319,51.610001,-0.007556674916553319,346,53.189999,-0.029704794692701597,361,52.630001,0.010640281006264907,329,52.91,-0.0052919863919863586,,,,367,51.959999,-0.007698191064245519,392,52.759998,-0.015162983895488424,413,51.91,0.016374455788865427,409,51.990002,-0.001538795863096909,422,51.34,0.012660732372419048,388,52.290001,-0.01816792851084459,406,51.259998,0.020093699574471158,409,51.75,-0.009468637681159353,439,51.18,0.011137162954278912,434,50.540001,0.012663217003102245,404,51.450001,-0.017687074486159915,384,51.970001,-0.01000577236856326,414,49.869999,0.042109525608773346,413,51.650001525878906,-0.03446278666165392,410,52.349998474121094,-0.013371461828900144,433,51.689998626708984,0.012768408062844072,,,
286,GOOG,Alphabet Inc. (Class C),Communication Services,286,341.105011,,291,341.450012,-0.0010103997301954548,295,343.540009,-0.006083707705788588,327,343.940002,-0.0011629731862361492,279,342.369995,0.004585702669417602,250,343.0,-0.0018367492711369726,212,355.839996,-0.03608362225813422,210,353.470001,0.006704939579865288,191,356.619995,-0.00883291471079739,190,360.130005,-0.009746508070050841,150,375.350006,-0.04054882311631036,106,372.470001,0.007732179752108381,152,356.649994,0.0443572333271931,228,333.679993,0.06883841249661016,197,335.76001,-0.0061949515667455435,164,332.600006,0.009500913839430414,215,326.570007,0.018464644243952444,231,319.089996,0.02344169699384735,243,318.339996,0.0023559716322920643,198,341.910004,-0.06893629237008236,263,346.190002,-0.012363147333180335,230,351.369995,-0.014742274735211836,271,346.119995,0.015168149993761482,331,353.809998,-0.021734838030213033,253,370.209991,-0.044299163714357936,298,357.329987,0.03604512486661249,334,350.670013,0.018992140055043905,338,355.029999,-0.012280612940541946,343,356.23999,-0.0033965614023288015,337,358.709991,-0.0068857881351847006,311,363.619995,-0.01350311882601507,276,364.899994,-0.0035078076762039556,268,356.179993,0.024482006770099485,300,357.890015,-0.004778065685906219,333,353.329987,0.012905861850893485,351,351.279999,0.005835766356854455,389,334.690002,0.04956824793350112,380,342.190002,-0.02191764796214002,382,345.0400085449219,-0.008259931966324574,398,346.0799865722656,-0.003005022073119812,413,348.7799987792969,-0.007741303996047,,,
287,ON,ON Semiconductor,Information Technology,287,77.82,,242,83.379997,-0.06668262413106119,255,82.660004,0.00871029476359575,291,81.559998,0.01348707732925658,274,83.32,-0.02112340374459909,257,81.110001,0.027246935923475046,300,79.779999,0.01667087010116397,360,81.169998,-0.017124541508551028,355,78.330002,0.03625681000237968,352,76.910004,0.018463111768918905,337,80.779999,-0.04790783669110965,300,80.400002,0.004726330728200834,309,81.610001,-0.014826601950415297,294,83.739998,-0.0254358377223749,287,78.860001,0.06188177704943221,277,84.389999,-0.06552906820155324,381,89.040001,-0.05222374155184473,412,86.809998,0.02568831990987963,411,90.129997,-0.03683567192396564,420,92.330002,-0.023827628640146536,405,91.059998,0.0139468924653392,391,86.699997,0.05028836390847857,405,87.370003,-0.007668604520936095,376,88.120003,-0.008511120908609171,296,92.540001,-0.04776310732912148,275,93.730003,-0.012696062753780102,367,90.370003,0.03718047901359478,364,95.959999,-0.05825339785591288,367,97.870003,-0.019515724343034946,372,93.790001,0.04350146024627932,402,91.099998,0.029528024797541796,403,94.690002,-0.037913231853137,382,91.220001,0.038039914075423065,338,94.629997,-0.03603504288391779,355,94.540001,0.0009519356785283595,400,88.57,0.06740432426329468,401,90.650002,-0.022945415930603175,129,118.739998,-0.23656726017462115,82,115.73999786376953,0.025920166336965034,54,117.05999755859375,-0.011276268772873133,43,131.5500030517578,-0.11014826810760325,,,
288,BULL,WEBULL CORP CLASS A,Financials,288,7.945,,175,8.16,-0.026348039215686292,262,8.04,0.014925373134328401,,,,,,,,,,,,,,,,,,,,,,,,,,,,291,7.06,0.028328611898017053,177,7.15,-0.012587412587412694,238,7.01,0.019971469329529423,221,7.27,-0.03576341127922966,103,7.54,-0.035809018567639295,125,7.49,0.006675567423231055,73,7.84,-0.044642857142857095,75,8.1,-0.032098765432098775,115,8.15,-0.00613496932515345,192,7.69,0.05981794538361518,329,7.175,0.0636237897648686,166,7.52,-0.03856382978723394,87,7.69,-0.022106631989596948,,,,,,,,,,,,,,,,,,,,,,,,,,,,,,,,,,,,,347,6.51,0.04761904761904767,295,6.710000038146973,-0.02980625931445602,389,6.639999866485596,0.010542168674698926,419,6.860000133514404,-0.03206997084548113,,,
289,AMD,Advanced Micro Devices,Information Technology,289,480.304993,,140,506.0,-0.05078064624505929,225,514.390015,-0.0163106101505488,334,483.01001,0.06496760802120827,366,482.929993,0.00016569068221028438,340,474.320007,0.018152272459382113,358,469.559998,0.010137168882090375,309,483.359985,-0.028550122948220458,243,489.279999,-0.012099440018188856,244,482.049988,0.014998467337374866,239,518.580017,-0.07044241544694929,221,484.640015,0.07003136544554622,277,476.149994,0.01783055992225857,332,485.390015,-0.019036281576579217,352,429.559998,0.1299702422477429,323,454.619995,-0.05512295384192245,266,494.950012,-0.08148301044995221,152,521.950012,-0.051729091635694835,124,539.690002,-0.03287070343022591,171,552.330017,-0.022884896005932576,168,544.429993,0.014510633325816924,210,503.570007,0.08114062678875955,215,495.76001,0.015753584077908833,135,500.940002,-0.010340543736413355,57,529.140015,-0.053294047323183324,33,548.130005,-0.03464504739163121,23,534.390015,0.025711539539151174,26,557.890015,-0.0421229980249781,60,546.719971,0.020431015131144648,55,517.405029,0.05664753199490402,106,516.109985,0.0025092403511626227,104,552.049988,-0.06510280550898218,115,517.820007,0.06610401401504751,76,540.880005,-0.04263422161445951,54,580.909973,-0.06890907345465735,83,539.48999,0.07677618448490575,74,521.580017,0.03433792019681614,67,532.570007,-0.020635765919127413,47,519.739990234375,0.02468545281651302,32,519.8499755859375,-0.0002115725787779077,12,551.6300048828125,-0.0576111319397864,,,
290,CART,Maplebear Inc. - Common Stock,,290,50.014999,,306,48.860001,0.023638927064287385,305,48.880001,-0.0004091652944115953,251,50.080002,-0.023961680352968084,278,48.450001,0.03364295080200308,272,49.389999,-0.01903215264288627,259,50.560001,-0.023140861884081043,260,50.169998,0.007773629969050511,394,45.029999,0.11414610513315804,408,45.349998,-0.007056207587925467,384,45.650002,-0.0065718288467983,342,45.389999,0.005728200170262099,320,44.599998,0.01771302770013583,354,44.75,-0.0033520000000000216,337,45.639999,-0.01950041672875591,355,45.619999,0.0004384042182903336,378,44.060001,0.035406217988964706,389,42.209999,0.04382852508477897,393,42.529999,-0.007524100811758583,307,44.73,-0.04918401520232507,311,45.450001,-0.01584160581206595,220,46.75,-0.027807465240641704,281,45.82,0.020296813618507104,129,46.23,-0.008868699978368921,82,47.610001,-0.02898552764155582,99,47.709999,-0.0020959547704036963,96,48.279999,-0.011806131147599874,116,48.389999,-0.0022731969884935976,144,48.279999,0.0022783761863791607,128,47.73,0.01152313010685102,121,48.080002,-0.007279575404343874,114,47.349998,0.015417191781085249,153,45.779999,0.034294430631158335,224,44.830002,0.021191098764617333,121,47.349998,-0.05322061470836803,116,47.23,0.002540715646834668,115,47.459999,-0.004846165293851068,117,46.799999,0.014102564403901008,138,46.599998474121094,0.004291867136990035,121,46.09000015258789,0.011065263614666865,209,44.27000045776367,0.04111136209622779,,,
291,TRI,Thomson Reuters Corp - Common Shares,,291,101.514999,,432,99.059998,0.024782970417584815,416,103.610001,-0.043914708581076156,344,106.07,-0.02319222211746952,318,102.610001,0.03371990026586191,300,104.839996,-0.02127046055972759,205,104.360001,0.004599415440787569,218,101.830002,0.02484532014445029,238,100.150002,0.016774837408390697,265,98.610001,0.01561708735810674,55,109.150002,-0.09656436836345639,124,101.610001,0.07420530386570912,98,98.129997,0.035463202959233664,74,98.830002,-0.007082920022606021,45,106.339996,-0.07062247773641073,62,103.290001,0.029528463263351012,95,97.760002,0.056567091723259244,175,90.150002,0.08441486224259864,236,85.690002,0.05204807907461584,145,87.330002,-0.01877934229292688,131,90.699997,-0.037155403654533736,96,95.43,-0.04956515770722003,102,96.199997,-0.008004127068735656,34,98.82,-0.026512882007690752,69,95.510002,0.03465603529146599,101,91.739998,0.041094441706876816,122,94.290001,-0.027044256792403742,201,89.650002,0.051756819815798716,242,88.809998,0.009458439577940458,264,88.889999,-0.0009000000101250238,231,90.760002,-0.020603822816134376,264,87.860001,0.03300706768714923,278,89.209999,-0.015132810392700535,408,84.910004,0.050641794811362884,374,81.669998,0.03967192456647295,334,82.660004,-0.011976844327275749,278,83.870003,-0.014427077104074981,304,81.010002,0.035304294894351385,329,80.9800033569336,0.0003704494799785518,329,80.70999908447266,0.0033453599720649763,398,76.55000305175781,0.054343511913382825,,,
292,AEIS,"Advanced Energy Industries, Inc. - Common Stock",,292,315.279999,,177,348.630005,-0.09566017130395876,265,330.26001,0.05562282578505329,326,329.540009,0.0021848667243316022,295,337.320007,-0.023064146325598722,295,327.589996,0.029701795289255317,353,314.48999,0.04165476300215465,310,325.019989,-0.03239800429628359,246,323.910004,0.003426831484957704,172,329.230011,-0.016158936980991023,216,341.390015,-0.03561909682683606,361,296.380005,0.15186587907642424,427,289.519989,0.02369444687979727,444,274.26001,0.055640554377577534,433,252.485001,0.08622125457995855,436,273.420013,-0.07656722626225598,450,291.950012,-0.06346976618723355,407,303.98999,-0.03960649493754698,404,315.140015,-0.0353811781090384,431,317.309998,-0.006838684610246726,442,303.709991,0.04477958382343772,445,280.670013,0.08208920416446497,446,284.049988,-0.011899225991165996,447,285.890015,-0.006436135938500787,445,301.880005,-0.05296803277845441,432,305.200012,-0.010878135221043306,410,298.519989,0.022377138034800126,402,308.049988,-0.030936534235476043,375,309.269989,-0.003944776549269502,384,293.640015,0.05322835172856122,419,287.730011,0.020540102784064596,386,310.839996,-0.07434688359730901,299,311.269989,-0.0013814148976630802,107,356.350006,-0.12650488632235357,92,372.869995,-0.044304956745044644,190,348.149994,0.07100388173495142,262,348.109985,0.00011493206665713629,258,375.149994,-0.07207786067564215,260,359.6099853515625,0.04321350810100566,229,364.9599914550781,-0.014659157529407163,94,388.2300109863281,-0.05993874595130155,,,
293,GDS,GDS Holdings Limited - American Depositary Shares,,293,33.900002,,207,35.380001,-0.04183151379786565,313,34.41,0.028189508863702528,302,34.77,-0.010353753235548102,,,,,,,,,,,,,,,,,,,,,,,,,,,,,,,,,,,,,,,,,,,,,,,,,,,,,,,,,,318,32.75,-0.048549618320610666,261,33.389999,-0.019167386018789756,356,32.07,0.041159931400062355,349,32.799999,-0.022256067751709407,,,,365,32.799999,-0.0006097561161512166,326,32.84,-0.0006094149908592028,,,,384,30.889999,-0.015538977518257613,,,,,,,,,,,,,,,,,,,,,,438,31.8799991607666,-0.019447898978917744,466,31.709999084472656,0.005361085000349597,,,
294,SHC,Sotera Health Company - Common Stock,,294,18.42,,,,,,,,,,,,,,,,,,,,,,,,,,,,,,,,,,,,,,,,,,,,,,,,,,,,,,,,,,,,,,,,,,,,,,,,,,,,,,,,,,,,,,,,,,,,,,,,,,,,,,,,,,,,,,,,,,,,,,,,,,,,
295,FUTU,Futu Holdings Limited - American Depositary Shares,,295,109.224998,,278,109.5,-0.0025114337899543315,346,105.230003,0.040577752335519746,363,104.599998,0.006022992466978794,332,105.160004,-0.0053252755676959085,301,105.160004,0.0,249,108.699997,-0.03256663383348568,250,109.019997,-0.002935241320911164,277,104.519997,0.0430539622001711,180,110.220001,-0.05171478813541286,248,109.0,0.01119266972477062,204,107.040001,0.018310902295301634,280,105.120003,0.018264820635516932,232,103.419998,0.01643787500363314,286,101.879997,0.015115832796893436,298,101.839996,0.00039278281197097087,295,104.269997,-0.02330489181849693,339,99.360001,0.04941622333518292,337,98.959999,0.0040420574377735274,290,106.089996,-0.06720706257732356,296,103.660004,0.02344194391503196,344,98.279999,0.05474160617360191,358,95.099998,0.03343849702289159,346,97.519997,-0.02481541298652834,302,99.370003,-0.01861734873853227,294,98.129997,0.01263636031701898,291,96.349998,0.018474302407354593,267,96.330002,0.00020757811258009795,271,97.019997,-0.007111884367508425,280,95.629997,0.014535188158585788,325,94.029999,0.01701582491774789,320,98.169998,-0.04217173356772408,379,95.040001,0.032933469771323054,362,99.919998,-0.048839042210549355,429,93.739998,0.06592703362336327,398,97.169998,-0.0352989613110829,440,96.400002,0.007987510207728032,405,98.120003,-0.01752956530178662,224,98.30000305175781,-0.0018311291404539132,474,97.9000015258789,0.0040858119696463024,477,99.97000122070312,-0.020706201653433953,,,
296,VSAT,VIASAT INC,Information Technology,296,77.400002,,294,81.410004,-0.04925687019988356,190,82.870003,-0.017617943129554337,218,82.900002,-0.0003618697138271232,136,87.230003,-0.04963889546123246,151,84.519997,0.03206348906992962,203,84.824997,-0.0036544264139000138,199,80.379997,0.05529982789125998,240,81.989998,-0.019636553717198524,291,81.029999,0.01184745170736079,324,86.160004,-0.05954044523953361,357,81.290001,0.059909004060659354,383,76.93,0.05667491225789667,409,77.599998,-0.008633995067886424,374,70.190002,0.10557053410541273,149,74.129997,-0.05314980654862289,98,74.870003,-0.009883878327078377,173,71.699997,0.044212079953085626,162,74.269997,-0.03460347520951168,166,74.370003,-0.001344708833748376,186,73.690002,0.00922785970340989,339,69.510002,0.06013523061040926,265,71.480003,-0.027560169520418176,365,68.709999,0.040314423523714504,396,70.440002,-0.024559951034640926,427,69.839996,0.008591151694796961,297,69.540001,0.004313991885044555,269,73.559998,-0.05464922660818983,373,70.389999,0.04503479251363518,311,74.0,-0.048783797297297204,252,76.720001,-0.03545361006968695,112,83.800003,-0.08448689435011125,143,83.059998,0.008909282660950923,154,83.019997,0.00048182367436111484,202,89.809998,-0.07560406581904155,438,76.690002,0.1710783108337901,483,61.950001,0.23793382989614487,491,60.0,0.03250001666666669,474,62.22999954223633,-0.035834806363490235,465,63.880001068115234,-0.025829695901225858,481,64.2300033569336,-0.005449197939473849,,,
297,MIRM,MIRUM PHARMACEUTICALS,Health Care,297,100.864998,,335,99.830002,0.010367584686615583,304,100.639999,-0.00804845993688863,332,98.769997,0.018932895178684683,276,98.970001,-0.0020208547840673274,267,98.230003,0.0075333195296756195,282,98.699997,-0.004761844116368152,315,100.650002,-0.019374117846515326,371,94.114998,0.06943637187348184,,,,,,,282,104.589996,-0.0024858400415275206,203,105.949997,-0.012836253312966117,131,112.589996,-0.058975035401901965,222,107.57,0.04666724923305754,198,112.230003,-0.04152190034246017,125,114.199997,-0.017250385742129226,103,113.029999,0.010351216582776379,62,114.360001,-0.011629957925586187,63,114.480003,-0.001048235472181136,58,117.050003,-0.021956428313803733,43,116.620003,0.003687189066527541,37,118.860001,-0.018845683839427196,69,117.360001,0.012781185985163646,51,121.0,-0.030082636363636395,50,120.889999,0.0009099263868799223,39,119.040001,0.015540977692028113,36,122.129997,-0.025300876737105016,29,127.699997,-0.04361785537081875,29,128.570007,-0.0067668192629094515,15,128.309998,0.002026412626083829,36,121.910004,0.052497693298410475,19,125.589996,-0.029301633228812296,47,120.459999,0.042586726237645145,88,117.07,0.028957025711113138,47,123.0,-0.048211382113821144,42,123.769997,-0.006221192685332277,63,117.279999,0.05533763689749005,71,114.97000122070312,0.02009218039408389,114,111.06999969482422,0.03511300081029978,130,107.7699966430664,0.0306207951365165,,,
298,UMBF,UMB FINANCIAL CORP,Financials,298,150.240005,,304,151.949997,-0.011253649448903946,315,152.039993,-0.0005919232053636092,279,150.880005,0.007688149268022526,261,149.449997,0.009568471252629163,291,147.539993,0.0129456695853305,303,146.110001,0.009787091850064433,293,145.600006,0.003502712767745386,275,145.130005,0.0032384826280409396,285,146.809998,-0.011443314644006719,238,148.330002,-0.010247448119093283,210,147.039993,0.008773184585230576,219,145.729996,0.008989206312748577,215,145.509995,0.0015119305034680952,187,148.270004,-0.01861474961584275,271,143.979996,0.029795861363963283,296,140.970001,0.021352025102135075,266,141.199997,-0.0016288668901317527,282,139.119995,0.014951136247524976,260,140.779999,-0.011791476145698865,204,143.809998,-0.021069459996793882,195,144.550003,-0.005119370353800612,202,145.990005,-0.00986370265553449,155,148.020004,-0.013714355797477262,189,145.309998,0.018649824769799928,188,142.610001,0.018932732494686633,172,144.289993,-0.011643163639213694,170,144.589996,-0.0020748530901127937,166,143.710007,0.006123366203719005,181,142.080002,0.01147244493985844,145,146.005005,-0.026915917639747877,151,144.410004,0.011044948104842023,144,143.800003,0.004242009647245748,126,145.649994,-0.012701620845930073,170,142.759995,0.020243759464967592,166,141.979996,0.005493724623009566,147,144.910004,-0.02021950120158711,193,143.410004,0.010459521359472257,184,141.47000122070312,0.01371317584142795,209,139.47999572753906,0.01426731471945275,250,136.94000244140625,0.018548225229323423,,,
299,DFTX,DEFINIUM THERAPEUTICS INC,Health Care,299,44.459999,,325,45.259998,-0.017675630476165716,379,42.630001,0.06169357115426766,370,43.900002,-0.028929406426906334,397,42.790001,0.02594066310024168,409,40.91,0.04595455878758248,315,45.150002,-0.09390923172052135,323,46.139999,-0.02145637237660114,253,46.139999,0.0,262,44.389999,0.03942329442269199,299,42.7924,0.04891301984877128,298,41.790001,0.012682435685991145,212,43.52,-0.03975181525735305,347,44.490002,-0.021802696255216913,370,42.16,0.05526570208728665,376,41.959999,0.00476646817841897,376,42.650002,-0.016178264188592473,307,43.169998,-0.01204530980057028,115,42.93,0.005590449569065958,108,43.669998,-0.016945226331359087,8,45.080002,-0.03127781582618383,9,42.799999,0.053271099375493014,9,44.290001,-0.03364195001937342,5,44.099998,0.004308458245281477,4,45.66,-0.0341656154183092,4,45.98,-0.006959547629404095,4,43.650002,0.053379104083431494,3,47.07,-0.07265770129594218,5,48.450001,-0.028482992188173517,5,45.32,0.06906445278022955,4,44.48,0.01888489208633093,6,44.330002,0.003383667792300038,7,44.189999,0.003168205548047087,10,43.400002,0.018202695013700643,12,47.040001,-0.07738092947744613,10,46.549999,0.01052635898015808,10,44.950001,0.03559506038720661,9,44.790001,0.003572225863536005,9,42.130001068115234,0.06313790498129812,7,36.18000030517578,0.16445552791597562,8,36.66999816894531,-0.013362367786330376,,,
300,NWSA,News Corp (Class A),Communication Services,300,29.4737,,349,28.700001,0.026958152370796018,335,29.16,-0.015774999999999983,288,28.940001,0.007601900221081648,262,28.67,0.009417544471572947,261,28.629999,0.001397170848661311,242,28.49,0.004913969813969965,247,28.52,-0.0010518934081347187,151,29.67,-0.03875968992248069,195,29.059999,0.02099108812770445,204,28.59,0.01643927946834567,213,27.940001,0.023264100813740196,182,27.559999,0.01378817176299596,133,28.09,-0.01886796012815939,130,28.82,-0.025329632199861174,169,28.18,0.022711142654364913,182,27.290001,0.032612640798364234,199,26.76,0.01980571748878912,214,26.33,0.01633118116217247,164,27.34,-0.0369422092172641,202,27.525,-0.00690159800575374,204,28.290001,-0.02704139176241105,193,28.43,-0.0049243404854026895,154,28.684999,-0.009062425616506609,183,27.98,0.025196533238027286,241,27.6,0.013768115942028869,280,27.73,-0.004688063469166948,308,27.370001,0.013153050304967273,297,27.49,-0.004365187340851229,321,26.719999,0.028817403773106376,253,26.92,-0.007429457652303184,254,26.639999,0.010510548442588252,258,26.639999,0.0,321,25.780001,0.033359114299491344,340,24.83,0.03826020942408381,337,25.26,-0.0170229612034839,320,25.41,-0.005903187721369441,265,25.030001,0.015181741303166518,248,25.229999542236328,-0.007927031311930288,262,24.979999542236328,0.010008006405124004,279,24.610000610351562,0.015034497560564963,,,
301,CDW,CDW Corporation,Information Technology,301,135.445007,,341,135.300003,0.0010717220752758383,316,139.419998,-0.029550961548572063,232,142.050003,-0.018514642340415888,338,136.669998,0.039364930699713696,355,135.369995,0.009603331964369133,318,136.429993,-0.007769537890396361,285,135.809998,0.004565164635375263,231,141.970001,-0.04338946930063059,256,140.100006,0.013347572590396428,126,154.0,-0.0902597012987012,145,147.699997,0.04265404961382635,181,147.809998,-0.0007442054088926398,241,145.559998,0.015457543493508474,215,147.919998,-0.01595457025357716,206,144.029999,0.02700825541212426,201,138.039993,0.04339326502284013,238,133.820007,0.03153479135597426,268,130.179993,0.027961393422413217,197,129.830002,0.002695763649452898,270,129.720001,0.0008479879675611368,259,130.009995,-0.002230551581822615,238,133.240005,-0.024242043521388257,238,134.339996,-0.008188112496296474,288,130.860001,0.026593267411024968,177,139.380005,-0.06112787842129863,153,144.354996,-0.03449706265934427,204,144.389999,-0.00024241983684747392,281,140.210007,0.029812365675154773,265,137.720001,0.018080206084227335,301,139.229996,-0.010845328186319891,335,134.190002,0.03755864017350574,340,133.369995,0.00614836193103252,330,138.410004,-0.03641361790582709,176,140.639999,-0.015856051022867246,103,139.820007,0.005864625654038003,118,133.300003,0.04891225696371504,103,128.020004,0.041243546594483815,101,130.22000122070312,-0.016894463086358003,81,130.05999755859375,0.0012302245306814452,131,123.56999969482422,0.052520822206037154,,,
302,ASO,ACADEMY SPORTS AND OUTDOORS,Consumer Discretionary,302,48.200001,,,,,,,,,,,,,,,,,,,,,,,,,,,,,,,,,,,,,,,,,,,,240,50.419998,-0.026775050645579168,,,,,,,,,,344,48.860001,-0.03683995012607544,358,48.25,0.012642507772020695,328,47.82,0.008992053534086164,299,48.389999,-0.011779272820402475,296,48.610001,-0.004525858783668735,356,47.220001,0.029436678749752643,394,46.43,0.01701488261899642,370,46.490002,-0.0012906430935407665,383,46.310001,0.003886871002226844,415,45.48,0.018249802110817948,,,,369,46.240002,-0.020704910982162428,367,46.880001,-0.03156994386582879,339,47.84,-0.02006686872909702,374,47.25,0.012486772486772546,383,47.389999,0.002546127677782062,,,,356,48.5,-0.0313402061855671,379,48.43,0.0014453850918851874,319,51.209999084472656,-0.05428625374509388,320,49.70000076293945,0.03038225290981389,275,51.880001068115234,-0.04202004545065452,,,
303,APGE,APOGEE THERAPEUTICS,Health Care,303,134.585007,,324,134.589996,-3.7068133949769155e-05,323,134.550003,0.00029723522191238416,308,134.449997,0.0007438155614090114,297,134.550003,-0.0007432627110384171,287,134.690002,-0.0010394164223116453,275,134.649994,0.0002971258951560696,257,134.839996,-0.0014090922992909816,260,134.490005,0.0026023569558200066,259,134.229996,0.001937040957670888,258,134.190002,0.0002980400879641909,238,134.110001,0.0005965326925914116,224,134.089996,0.00014919084642217584,247,134.300003,-0.0015637155272437697,244,134.199997,0.0007452012089090854,257,134.169998,0.0002235894793707338,268,134.279999,-0.0008191912482812258,242,134.279999,0.0,239,134.259995,0.00014899449385508134,245,134.080002,0.0013424298725770445,6,134.199997,-0.0008941505415979156,7,134.149994,0.00037273948741289864,7,134.0,0.0011193582089552567,2,134.080002,-0.0005966736187847932,2,134.289993,-0.0015637129417379603,2,133.960007,0.0024633172794625846,2,133.820007,0.001046181383027367,1,133.649994,0.0012720763758509168,3,133.570007,0.0005988395283980097,3,133.25,0.0024015534709194153,3,133.539993,-0.0021715816624313655,5,133.5,0.00029957303370786725,6,132.910004,0.00443906389469384,9,132.770004,0.0010544550409141706,11,132.729996,0.0003014239524274931,9,132.610001,0.0009048714206705277,9,132.550003,0.0004526442749308579,8,132.679993,-0.0009797257074017907,8,132.69000244140625,-7.543145564192777e-05,6,132.8800048828125,-0.0014298840521568268,7,132.5500030517578,0.0024896415883144396,,,
304,FROG,JFROG LTD,Information Technology,304,92.599998,,276,94.639999,-0.021555378503332445,292,96.169998,-0.015909317165630044,342,95.150002,0.010719873658016299,419,86.040001,0.10588099597999778,421,86.099998,-0.0006968292844791169,381,88.150002,-0.023255858803043483,400,89.519997,-0.01530378737613236,436,83.040001,0.07803463297164459,455,84.519997,-0.017510601662704794,439,86.220001,-0.019717049179806767,425,82.400002,0.046359210039824905,400,79.790001,0.03271087814624796,406,78.419998,0.01747007185590599,418,73.275002,0.07021488719986668,413,76.43,-0.04127957608269017,332,81.230003,-0.05909150341900138,303,80.160004,0.013348290252081174,319,81.25,-0.013415335384615368,347,79.68,0.019703815261044033,324,86.559998,-0.0794824186571722,267,90.43,-0.04279555457259776,228,88.540001,0.021346272629926943,281,86.529999,0.023228961322419472,152,91.279999,-0.0520376868102288,178,91.169998,0.0012065482331149457,137,92.019997,-0.00923711179864517,247,90.739998,0.014106226892356855,184,95.5,-0.04984295287958118,180,92.730003,0.029871637122669048,166,96.199997,-0.036070624825487285,127,98.099998,-0.019368002433598486,120,94.809998,0.03470098164119784,169,90.389999,0.04889920399268943,84,90.879997,-0.005391703523053626,42,90.089996,0.00876902025836479,57,87.580002,0.028659442140684277,214,78.800003,0.11142130286467111,350,76.66000366210938,0.027915456409316253,187,78.70999908447266,-0.026044912032078593,310,79.88999938964844,-0.014770309359998901,,,
305,GRAL,GRAIL INC,Health Care,305,72.394997,,,,,,,,,,,,,,,,,,,,,,,,,,,,,,,,,,,,,,,,,,,,,,,,,,,,,,,,,,,,,,,,,,,,,,,,,,,,,,,,,,,,,,,,,,,,,,,,,,,,,,,,,,,,,,,,,,,,,,,,,,,,
306,TROW,T. Rowe Price,Financials,306,110.510002,,329,110.459999,0.0004526797071580102,336,110.559998,-0.0009044772233082199,310,111.300003,-0.006648741959153548,271,111.419998,-0.0010769610676173436,223,113.75,-0.02048353406593406,255,113.769997,-0.00017576690276266405,231,114.019997,-0.0021925978475512142,217,113.620003,0.003520454052443611,206,114.980003,-0.011828143716433925,182,115.790001,-0.006995405415015088,175,113.510002,0.020086326841928903,167,111.75,0.015749458612975387,113,119.279999,-0.06312876478142826,143,118.870003,0.003449112388766551,83,121.68,-0.023093334976988955,73,119.209999,0.020719746839357178,72,116.5,0.02326179399141637,90,114.949997,0.01348414998218761,106,116.010002,-0.009137186291919952,102,117.610001,-0.013604276731534082,117,116.489998,0.009614585107984963,110,117.349998,-0.007328504598696273,146,118.870003,-0.01278712006089544,150,118.580002,0.002445614733587176,174,116.07,0.02162489876798479,205,113.650002,0.021293426814017913,140,118.550003,-0.041332778372008994,174,117.050003,0.012815035980819234,169,117.959999,-0.007714445640169876,156,120.160004,-0.01830896243978153,142,119.120003,0.008730699914438311,139,118.550003,0.004808097727336147,156,116.110001,0.021014572207264104,187,113.690002,0.021285943859865375,169,114.379997,-0.006032479612672059,218,110.269997,0.03727215119086291,247,106.339996,0.03695694139390415,257,105.19999694824219,0.010836492704462852,232,106.0,-0.007547198113207587,224,107.98999786376953,-0.018427614009215887,,,
307,UPST,UPSTART HOLDINGS,Financials,307,29.305,,404,29.75,-0.014957983193277347,348,30.43,-0.022346368715083775,341,30.969999,-0.01743619688202125,439,29.1,0.0642611340206185,343,29.889999,-0.026430211657082925,344,30.209999,-0.010592519384062249,325,31.09,-0.028304953361209417,330,29.709999,0.046449042290442444,357,30.200001,-0.016225231250820205,391,30.32,-0.0039577506596305545,399,29.43,0.030241250424736688,419,27.440001,0.07252182680314045,413,27.040001,0.01479289886120938,429,26.6,0.01654139097744367,406,27.82,-0.043853342918763416,432,27.49,0.012004365223717839,434,26.93,0.02079465280356474,430,27.59,-0.0239217107647699,395,28.639999,-0.036661977537080226,407,29.27,-0.021523778612914213,377,28.82,0.015614156835530801,397,29.51,-0.023381904439173207,382,30.879999,-0.044365254027372236,336,31.59,-0.022475498575498576,373,31.719999,-0.004098329259089928,355,31.459999,0.00826446307261497,318,32.740002,-0.039095996389981846,307,33.23,-0.014745651519711078,297,31.809999,0.04464008313863821,330,33.060001,-0.03781010169963395,229,34.330002,-0.036993909875099984,293,34.779999,-0.01293838450081597,313,35.740002,-0.02686074276101047,332,35.43,0.008749703640982043,299,35.029999,0.011418812772446829,265,33.66,0.040701099227569815,300,32.970001,0.020928085504152483,204,32.650001525878906,0.009800887607908981,273,31.459999084472656,0.03782590711461875,287,31.31999969482422,0.004469955300127726,,,
308,PENG,PENGUIN SOLUTIONS INC,Information Technology,308,59.0,,397,63.080002,-0.06467980137350027,454,63.799999,-0.011285219612620967,471,60.900002,0.047618996794121626,495,58.73,0.03694878256427736,493,57.330002,0.0244199886823655,495,55.18,0.038963428778542974,498,58.43,-0.05562211192880373,505,56.259998,0.03857095764560814,476,55.720001,0.009691259696854582,476,57.84,-0.03665281811894883,468,52.599998,0.09961981367375716,467,52.630001,-0.0005700740913913149,476,51.43,0.02333270464709325,465,43.700001,0.1768878449224749,457,48.130001,-0.09204238329436143,468,52.490002,-0.08306345654168579,456,53.849998,-0.025255265561941243,450,58.41,-0.07806885807224784,429,59.200001,-0.013344611261070782,429,58.099998,0.018932926641408887,410,53.23,0.09148972383993992,366,60.41,-0.11885449428902495,339,65.970001,-0.0842807475476619,186,72.849998,-0.0944405928466876,91,77.800003,-0.06362474047719513,47,77.209999,0.007641549121118363,72,78.349998,-0.014550083332484642,101,81.389999,-0.03735103866999678,86,78.470001,0.03721164728926163,432,62.709999,0.25131561555279225,421,67.709999,-0.07384433723001527,450,61.470001,0.10151289895049764,271,68.809998,-0.10667050157449487,94,76.010002,-0.09472442850350149,160,67.940002,0.11878127410122818,259,62.279999,0.09087994686705136,170,66.769997,-0.06724574212576362,174,64.72000122070312,0.031674844998843765,64,66.95999908447266,-0.03345277827737125,71,67.94000244140625,-0.014424535930982363,,,
309,CHDN,"Churchill Downs, Incorporated - Common Stock",,309,89.660004,,327,89.699997,-0.00044585285772080763,337,90.82,-0.012332118476106602,324,88.989998,0.020564131263380858,289,88.529999,0.005195967527346301,283,88.625,-0.0011282636058308482,316,86.370003,0.026108566882879547,299,87.860001,-0.01695877513135924,288,86.879997,0.011279972765192436,261,86.410004,0.005439104018557961,308,85.349998,0.012419519916098798,339,83.470001,0.022523025967137622,299,84.300003,-0.009845812223755246,334,82.690002,0.019470322421808683,316,88.529999,-0.06596630595240371,324,89.220001,-0.007733714327127106,283,88.169998,0.011908846816578,301,86.5,0.019306335260115715,,,,,,,,,,364,83.709999,-0.004539445759639826,374,83.949997,-0.002858820828784525,356,86.290001,-0.027117904425566164,313,85.550003,0.019253448180796218,344,83.5,0.02455093413173648,371,83.75,-0.0029850746268657025,344,85.519997,-0.02069687864932923,322,86.129997,-0.007082317673829719,323,85.300003,0.00973029274102144,292,86.230003,-0.010785109215408428,265,89.239998,-0.03372921411316032,245,90.910004,-0.0183698814929103,274,89.150002,0.019742029843140108,233,89.639999,-0.005466276276955395,224,90.870003,-0.013535863974825646,237,88.93,0.02181494433824338,273,83.980003,0.058942567553849745,304,84.61000061035156,-0.007445904651389834,269,86.31999969482422,-0.019809997683039815,273,86.3499984741211,-0.00034740012385414687,,,
310,PLXS,PLEXUS CORP,Information Technology,310,260.0,,255,274.200012,-0.06980311146011187,270,267.410004,0.025391750115676404,287,264.040009,0.012763198322720992,273,271.950012,-0.02908623883421635,265,270.320007,0.006029908840598841,298,267.679993,0.009862574973991345,283,270.350006,-0.009876134421095584,270,268.48999,0.006927692164613086,167,274.700012,-0.02260655889596408,217,276.790009,-0.007550839741473414,265,260.769989,0.06143352638635102,340,251.339996,0.037518871449333524,373,241.990005,0.03863792225633467,368,240.490005,0.006237265453090224,379,250.080002,-0.03834771642396262,402,253.380005,-0.013023928229853876,380,254.449997,-0.004205116968423406,385,261.709991,-0.02774060696826819,393,259.23999,0.009372076555739461,392,260.660004,-0.005447763286307805,388,252.589996,0.031949040452100785,388,250.630005,0.007820256796467806,396,248.800003,0.007355313416133713,403,254.110001,-0.02089645420921471,392,260.359985,-0.024005163466267576,369,259.029999,0.0051344863727540435,366,267.269989,-0.03083021042066958,356,270.559998,-0.01215999787226496,339,265.890015,0.01756358921563872,375,255.940002,0.038876349621971285,346,275.200012,-0.06998549840179524,286,275.109985,0.0003272400309279888,200,290.170013,-0.05190070415718662,146,300.670013,-0.034922006006631645,177,287.799988,0.04471864328222286,184,287.440002,0.0012523865763123254,184,296.790009,-0.03150377949548833,196,286.5899963378906,0.035590959706772285,158,288.5899963378906,-0.006930247159364411,138,303.82000732421875,-0.05012840053025214,,,
311,URBN,URBAN OUTFITTERS INC,Consumer Discretionary,311,76.099998,,300,76.639999,-0.007045942158741436,,,,,,,,,,,,,,,,,,,,,,,,,152,78.879997,-0.012550685061511802,165,77.690002,0.01531722189941509,201,74.18,0.04731736317066604,206,75.739998,-0.020596752590355094,211,75.400002,0.004509230649622609,260,75.199997,0.002659641063549545,269,72.610001,0.035669962323785054,304,69.970001,0.037730455370438065,285,69.610001,0.005171670662668104,254,73.709999,-0.05562336257798617,315,73.739998,-0.0004068212749341882,256,74.830002,-0.014566403459403854,308,72.980003,0.025349396053053086,293,75.419998,-0.03235209579294884,341,72.949997,0.03385882250276184,386,70.190002,0.039321768362394316,356,69.849998,0.004867630776453469,387,68.830002,0.014819061025161728,374,68.980003,-0.006351884207530856,,,,,,,345,69.370003,-0.01672198284321824,308,70.720001,-0.019089337965365716,315,70.57,0.002125563270511499,328,70.860001,-0.004092590966799481,341,71.459999,-0.00839627775533558,314,73.540001,-0.028283953925972938,351,71.370003,0.03040490274324359,315,72.31999969482422,-0.013136020464601716,346,71.0,0.018591549295774445,299,72.75,-0.02405498281786944,,,
312,TTWO,Take-Two Interactive,Communication Services,312,246.710007,,332,241.610001,0.02110842257725909,307,246.949997,-0.021623794553032427,319,241.910004,0.020834165254282055,257,243.0,-0.00448558024691359,258,250.5,-0.029940119760479056,234,253.570007,-0.012107137734156392,277,246.5,0.02868156997971605,374,232.470001,0.06035186879876164,393,234.910004,-0.010386969300805071,368,240.220001,-0.022104724743548743,319,245.149994,-0.020110108589274533,290,242.919998,0.009179960556396916,272,247.429993,-0.01822735774801565,273,246.429993,0.004057947605428103,253,247.619995,-0.0048057589210435125,286,243.949997,0.01504405839365508,320,231.649994,0.053097359458597726,352,230.25,0.0060803213897937525,322,233.580002,-0.014256366005168553,318,235.929993,-0.009960543677038913,262,238.979996,-0.012762587040967222,267,236.679993,0.00971777534233742,152,239.570007,-0.012063338128967094,102,243.800003,-0.01735027050020177,133,237.039993,0.028518436549228143,120,244.095001,-0.028922625262041146,127,243.199997,0.003680115176975196,134,246.100006,-0.01178386399551734,127,251.380005,-0.021004053206220563,103,257.790009,-0.02486521500528749,109,258.410004,-0.002399268567017332,128,254.990005,0.013412286493347025,159,250.320007,0.018656111654710816,143,249.979996,0.00136015283398927,118,247.149994,0.011450544481906855,142,238.529999,0.03613799117988514,131,238.720001,-0.0007959199028321207,183,235.77000427246094,0.012512181150915236,206,242.63999938964844,-0.028313530449693092,240,239.57000732421875,0.012814592437691896,,,
313,HST,Host Hotels & Resorts,Real Estate,313,23.049999,,321,22.809999,0.010521701469605516,289,22.9,-0.003930174672489017,273,22.75,0.00659340659340657,232,22.799999,-0.0021929386926727856,238,22.290001,0.02288012459039357,225,22.67,-0.01676219673577417,200,23.290001,-0.02662090911889603,168,23.379999,-0.0038493585906483885,124,25.129999,-0.06963788577946217,129,24.98,0.006004763811048974,99,25.09,-0.004384216819450004,96,25.129999,-0.001591683310453007,123,25.09,0.0015942208051016316,161,25.540001,-0.017619458981227187,177,25.469999,0.0027484100019006252,204,24.969999,0.020024029636525054,184,24.5,0.019183632653061222,231,23.959999,0.0225376052812023,238,24.5,-0.022040857142857195,244,24.440001,0.002454950799715583,242,24.059999,0.01579393249351324,243,23.940001,0.005012447576756784,319,23.67,0.011406886354034418,324,23.799999,-0.005462143086644611,333,23.379999,0.017964072624639504,343,23.07,0.013437321196358987,357,23.18,-0.004745470232959459,364,23.16,0.0008635578583764403,364,22.76,0.017574692442882123,312,23.35,-0.02526766595289076,317,23.25,0.004301075268817289,295,23.35,-0.004282655246252709,278,23.35,0.0,259,23.709999,-0.015183425355690616,216,24.92,-0.04855541733547364,215,25.059999,-0.0055865524974682,185,24.98,0.0032025220176141733,162,24.579999923706055,0.016273393002441017,154,24.81999969482422,-0.00966962127316684,156,25.1299991607666,-0.012335814259284317,,,
314,FCNCA,"First Citizens BancShares, Inc. - Class A Common Stock",,314,2229.425049,,338,2248.179932,-0.00834225176243597,333,2291.330078,-0.018831920557540904,275,2268.090088,0.010246502166275429,267,2271.310059,-0.0014176712629968558,302,2253.129883,0.008068853969391832,295,2233.350098,0.008856553666938938,286,2218.48999,0.006698298422342708,254,2237.51001,-0.008500529568580495,274,2226.97998,0.004728390059438148,273,2251.820068,-0.011031115830698712,243,2218.439941,0.015046666976683332,270,2186.649902,0.014538239052773516,264,2156.22998,0.014107920899977477,232,2171.889893,-0.007210270212349101,236,2198.0,-0.01187902957233844,281,2137.360107,0.02837139740813921,249,2160.649902,-0.010779069287644383,219,2212.77002,-0.023554240851473507,305,2077.570068,0.06507600108532174,312,2071.159912,0.0030949594779525746,317,2076.280029,-0.0024660050323105365,287,2122.129883,-0.021605583318577648,188,2156.449951,-0.01591507745592935,282,2070.620117,0.041451270223508585,292,2062.25,0.004058730512789488,278,2106.060059,-0.020801903921392362,285,2092.590088,0.006436984996365913,304,2083.0,0.004603978876620118,309,2044.619995,0.018771216702299753,259,2092.429932,-0.022849002620748182,203,2117.350098,-0.011769506622234527,243,2082.98999,0.016495570389178704,179,2121.629883,-0.018212362726227727,230,2080.790039,0.019627085498557628,245,2079.649902,0.0005482350653844836,233,2078.929932,0.0003463175881581737,215,2089.209961,-0.004920534169327584,191,2117.2900390625,-0.013262272755631632,185,2111.139892578125,0.002913187335615408,204,2084.989990234375,0.012541980117611873,,,
315,DDOG,Datadog,Information Technology,315,248.550003,,319,247.320007,0.0049732976111391825,276,255.460007,-0.03186408743815616,264,252.240005,0.012765627720313422,308,240.910004,0.04703001457755995,237,246.779999,-0.023786348260743884,166,260.779999,-0.053685098756365845,324,233.929993,0.1147779541035594,321,229.289993,0.020236382492279104,46,283.170013,-0.19027445536756027,41,288.149994,-0.017282599700487955,66,273.600006,0.0531797795355311,101,267.970001,0.02100983311187865,89,268.559998,-0.002196890841501986,90,264.200012,0.016502595768239425,91,250.880005,0.05309313908854563,41,251.860001,-0.00389103468636931,43,246.860001,0.020254395121711122,42,244.389999,0.01010680473876513,49,245.770004,-0.005615026152662628,45,254.789993,-0.035401661163356635,48,263.200012,-0.03195295826962197,62,258.690002,0.017434032877698957,127,262.320007,-0.013838079075684018,98,264.459991,-0.008091900751823089,98,270.730011,-0.02315967844436717,129,260.23999,0.04030902783234813,137,257.540009,0.010483734199139505,136,269.0,-0.042602197026022304,182,261.089996,0.030296082275017566,243,256.809998,0.016666010020373045,301,255.369995,0.00563888878174601,329,260.359985,-0.01916573316748349,352,264.480011,-0.015577835105277549,258,260.359985,0.015824344128764656,200,248.570007,0.04743121723450727,223,239.770004,0.036701851162333154,326,220.940002,0.0852267666766835,322,222.64999389648438,-0.00768017986113223,306,220.57000732421875,0.009430053651854786,278,221.3699951171875,-0.003613805023576,,,
316,Z,"Zillow Group, Inc. - Class C Capital Stock",,316,34.709999,,443,33.720001,0.029359370422320064,428,34.779999,-0.030477229168407782,378,35.919998,-0.03173716769137913,372,33.259998,0.079975951892721,341,34.139999,-0.025776245629064,271,33.75,0.011555525925926124,314,33.610001,0.004165397079280098,279,33.43,0.005384415195931691,224,36.099998,-0.07396116753247461,218,36.279999,-0.004961438946015306,260,35.119999,0.033029613696742954,274,34.060001,0.031121490571888177,244,33.709999,0.01038273540144563,224,34.0,-0.008529441176470476,243,33.674999,0.009651106448436808,236,32.0,0.05234371874999999,321,30.76,0.0403120936280883,367,29.58,0.03989181879648429,299,31.360001,-0.05676023415943132,342,31.85,-0.015384583987441136,310,33.029999,-0.03572506920148544,306,33.904999,-0.025807403799068096,221,34.080002,-0.0051350642526372114,207,33.845001,0.006943447866939012,319,31.860001,0.06230382729743167,374,32.189999,-0.010251569128660099,410,32.189999,0.0,358,33.439999,-0.03738038389295406,382,32.299999,0.036256554074992176,357,32.779999,-0.014643075492467128,359,32.959999,-0.005461165214234565,367,33.43,-0.014059258151360998,380,33.02,0.012416717141126465,400,31.52,0.04758883248730972,403,31.379999,0.0044614724175102705,422,31.15,0.007383595505618068,445,29.41,0.05916354981298877,435,30.540000915527344,-0.037000686411241435,446,30.5,0.0013115081967212117,447,30.309999465942383,0.006268591430834469,,,
317,SFM,"Sprouts Farmers Market, Inc. - Common Stock",,317,79.290001,,333,80.599998,-0.016253064919430793,267,82.5,-0.023030327272727247,240,82.68,-0.002177068214804123,216,86.07,-0.039386545834785514,309,84.400002,0.019786705692258044,301,85.330002,-0.010898862981392976,265,85.860001,-0.006172827787411794,252,87.199997,-0.015366927134183306,305,85.120003,0.02443601887561031,318,86.07,-0.011037492738468657,299,88.809998,-0.030852359663379292,266,87.160004,0.01893063244925952,252,86.849998,0.003569441648116012,328,79.160004,0.09714494203411106,360,77.769997,0.01787330659148667,379,76.839996,0.01210308496111856,405,74.889999,0.026038149633304197,417,73.489998,0.01905022503878695,378,73.940002,-0.006086069621691448,374,74.690002,-0.010041504617980812,363,74.610001,0.0010722557154236867,382,75.779999,-0.015439403740293067,386,73.669998,0.028641252304635545,436,73.300003,0.005047680557393797,412,75.349998,-0.027206304637194534,399,79.669998,-0.05422367401088679,361,80.860001,-0.014716831378718265,381,80.379997,0.005971684721510995,330,80.254997,0.0014950784576357457,229,84.089996,-0.045605888719509435,192,86.57,-0.028647383620191702,126,89.940002,-0.03746944546432207,184,86.699997,0.037370301177749976,267,84.580002,0.025064967484867307,347,81.849998,0.03335374546985315,360,82.139999,-0.003530569801930561,327,82.050003,0.001096843348074028,309,85.38500213623047,-0.03911460404162781,295,84.51000213623047,0.010353804038485181,400,80.83999633789062,0.045398394131538566,,,
318,CENX,CENTURY ALUMINUM,Materials,318,45.865002,,262,47.119999,-0.026634062534678815,294,46.720001,0.008561600844143813,301,46.389999,0.007113645335495633,294,48.169998,-0.03695244081180982,125,52.290001,-0.07879141176532001,118,51.880001,0.007902852584755982,118,51.23,0.01268789771618195,257,45.950001,0.1149074838975519,254,46.900002,-0.020255883997616908,287,47.119999,-0.004668866822344353,235,45.200001,0.042477830918632,210,44.77,0.009604668304668218,303,44.880001,-0.002451002619184406,344,42.66,0.052039404594467875,347,43.959999,-0.02957231641429303,319,44.869999,-0.020280811684439626,201,46.209999,-0.02899805299714464,284,46.360001,-0.0032355909569543595,348,45.330002,0.02272223592666056,382,44.799999,0.011830424371214843,412,42.84,0.0457516106442577,419,41.5,0.032289156626506,417,42.599998,-0.025821550508054014,463,43.939999,-0.03049615454019472,454,46.080002,-0.04644103531071897,464,45.41,0.014754503413345166,473,44.669998,0.016565973430309855,484,45.110001,-0.009754001113854938,477,44.73,0.008495439302481644,471,45.279999,-0.012146621292990711,478,46.68,-0.029991452442159505,479,43.759998,0.06672765387237889,480,43.029999,0.016964885358236037,478,46.009998,-0.06476850966174796,477,46.549999,-0.01160045137702359,480,46.330002,0.0047484781028068745,486,45.959999,0.008050544126426029,490,44.5,0.03280896629213492,475,47.33000183105469,-0.059792982894866564,463,49.529998779296875,-0.0444174650599124,,,
319,ALGN,Align Technology,Health Care,319,169.910004,,339,171.160004,-0.00730310803217793,291,181.309998,-0.05598143572865755,328,176.199997,0.029001141242925188,315,174.014999,0.012527255199925147,323,172.955002,0.006099629725385025,283,176.039993,-0.01752437583884703,271,173.660004,0.013704877030867868,273,169.080002,0.02708778061168915,292,174.830002,-0.032889091884812816,300,173.270004,0.009003277913008034,257,172.889999,0.0021979582520561536,250,169.160004,0.022050099975169157,164,173.410004,-0.024508389954249754,169,180.080002,-0.03703908221857988,251,175.600006,0.02551250482303513,298,168.050003,0.04492712207806382,247,167.014999,0.006197072156375771,223,168.240005,-0.007281300306666072,235,172.460007,-0.02446945279319157,277,177.5,-0.028394326760563415,235,175.050003,0.013995983764707454,266,176.759995,-0.00967408943409398,241,178.410004,-0.00924841075615912,192,181.259995,-0.015723221221538797,228,178.460007,0.015689722571847753,178,180.589996,-0.011794612366013979,239,179.449997,0.006352739030694998,219,178.169998,0.007184144437157203,189,174.679993,0.019979420310601848,130,185.220001,-0.056905344687909865,95,188.389999,-0.016826784950511042,135,184.520004,0.0209733086717252,174,181.490005,0.016695128748274612,287,168.660004,0.07607020452815849,238,173.429993,-0.02750382974414356,135,178.429993,-0.0280221946766539,139,175.710007,0.015479972065563619,173,170.89999389648438,0.028145191157818328,196,168.49000549316406,0.014303453786472353,184,173.75999450683594,-0.030329133009010523,,,
320,SOFI,"SoFi Technologies, Inc.  - Common Stock",,320,18.025,,336,18.309999,-0.015565211117706923,345,18.290001,0.0010933843032594481,357,18.43,-0.007596256104177912,408,17.940001,0.027313209179865794,395,17.98,-0.002224638487208108,384,18.120001,-0.007726324076913538,365,18.379999,-0.014145702619461686,333,18.1,0.015469558011049767,313,18.25,-0.008219178082191747,306,18.700001,-0.024064223312073585,302,18.030001,0.03716028634718338,369,16.309999,0.10545690407461072,344,16.469999,-0.009714633255290428,377,15.23,0.07999993442622966,362,16.74,-0.09020310633213846,343,16.879999,-0.008293780112190952,354,16.459999,0.025516404952394156,346,16.65,-0.011411471471471368,311,17.07,-0.024604569420035194,332,17.639999,-0.03231287031252095,335,17.01,0.03703697824808927,327,17.280001,-0.01562505696614236,240,17.32,-0.0023094110854504635,148,17.870001,-0.030777894192619115,110,18.549999,-0.03665757610013898,114,18.129999,0.023166024443796118,114,18.780001,-0.03461139325817908,141,18.620001,0.00859291038706167,159,17.73,0.05019746192893382,241,17.75,-0.0011267605633802358,169,18.610001,-0.04621176538356986,263,18.24,0.020285142543859713,299,18.440001,-0.010846040626570463,309,17.93,0.028444004461795735,195,18.190001,-0.014293622083912938,152,17.85,0.017337920432769494,174,17.299999,0.03179196715560506,142,17.309999465942383,-0.0005777007843849047,148,17.290000915527344,0.0011566222581480545,187,17.100000381469727,0.011111169590643177,,,
321,VLY,VALLEY NATIONAL,Financials,321,14.845,,352,14.94,-0.006358768406961146,356,15.01,-0.004663557628247883,321,15.02,-0.0006657789613847553,292,14.93,0.00602813127930335,298,14.77,0.01083276912660791,294,14.65,0.008191126279863514,298,14.55,0.0068728522336769515,278,14.47,0.005528680027643507,289,14.77,-0.020311442112389888,269,14.88,-0.007392473118279619,271,14.5,0.026206896551724146,288,14.29,0.01469559132260323,262,14.32,-0.0020949720670392358,251,14.28,0.0028011204481792618,250,14.49,-0.01449275362318847,272,14.35,0.009756097560975618,235,14.34,0.0006973500697349255,228,14.45,-0.00761245674740485,232,14.52,-0.004820936639118423,214,14.68,-0.010899182561307952,197,14.67,0.0006816632583503957,203,14.95,-0.0187290969899665,185,15.19,-0.01579986833443059,258,14.84,0.02358490566037741,260,14.58,0.017832647462276974,266,14.55,0.0020618556701030855,258,14.64,-0.006147540983606592,239,14.66,-0.0013642564802182067,241,14.47,0.01313061506565294,209,14.87,-0.026899798251513007,194,14.79,0.005409060175794567,222,14.59,0.013708019191226883,183,14.8,-0.01418918918918921,215,14.65,0.010238907849829282,203,14.65,0.0,189,14.72,-0.004755434782608758,191,14.78,-0.004059539918809141,189,14.609999656677246,0.01163586584531151,197,14.380000114440918,0.01599443671766343,218,14.239999771118164,0.00983146067415741,,,
322,VOD,Vodafone Group Plc - American Depositary Shares each representing ten Ordinary Shares,,322,16.165001,,363,16.200001,-0.0021604936937966723,327,16.42,-0.013398233861145026,266,16.219999,0.012330518639366073,305,16.09,0.008079490366687425,306,15.9,0.011949685534591081,243,15.75,0.00952380952380949,58,16.190001,-0.027177330007576828,67,16.0,0.011875062499999922,106,15.31,0.045068582625734877,87,15.69,-0.02421924792861685,85,15.61,0.005124919923126248,70,15.8312,-0.010773130544993625,78,16.139999,-0.0223047721378421,113,16.129999,0.0006199628406671209,109,16.389999,-0.0158633322674393,162,15.8,0.03734170886075949,192,15.15,0.04290429042904287,200,15.25,-0.006557377049180357,194,15.51,-0.01676337846550613,251,15.27,0.015717092337917515,263,15.4,-0.008441558441558472,226,15.74,-0.021601016518424387,128,15.62,0.00768245838668391,233,15.08,0.035809018567639184,182,15.56,-0.03084832904884316,193,15.47,0.005817711700064621,,,,,,,,,,,,,,,,,,,,,,,,,,,,,,,,,,,,,,,,,,,,,
323,LNTH,LANTHEUS HOLDINGS,Health Care,323,100.660004,,347,100.910004,-0.002477455059857081,314,100.949997,-0.00039616643079243286,271,100.940002,9.901921737620611e-05,226,100.730003,0.0020847711083658016,253,100.68,0.0004966527612235705,217,100.980003,-0.0029709149444171468,128,100.949997,0.00029723626440514295,146,101.07,-0.001187325615909729,115,101.5,-0.004236453201970525,124,101.110001,0.003857175315427064,182,101.190002,-0.0007906018225003475,269,99.639999,0.015556031870293419,284,101.0,-0.013465356435643505,294,100.0,0.010000000000000009,311,102.639999,-0.025720956992604793,259,108.029999,-0.049893548550343,223,104.82,0.030623917191375805,248,103.730003,0.010508020519386152,258,104.610001,-0.008412178487599897,196,107.949997,-0.030940213921451076,234,104.400002,0.03400378287349071,208,107.589996,-0.02964954102238282,225,105.105003,0.02364295636811886,230,104.32,0.00752495207055226,253,102.370003,0.019048519516014828,179,105.389999,-0.028655432476092924,173,105.639999,-0.0023665278527691402,204,105.989998,-0.003302188948055229,187,106.75,-0.0071194566744731125,239,103.410004,0.03229857722469487,227,102.82,0.005738222135771354,107,109.889999,-0.06433705582252314,115,108.959999,0.008535242369082763,124,110.940002,-0.017847511846989295,130,109.580002,0.012411023682952882,122,109.800003,-0.002003652039973214,143,109.010002,0.007247050596329796,235,104.8499984741211,0.03967576613592305,116,106.02999877929688,-0.011128935311977117,151,106.19999694824219,-0.001600734508495294,,,
324,COGT,COGENT BIOSCIENCES,Health Care,324,37.220001,,334,37.869999,-0.017163929684814505,300,37.93,-0.001581887687846062,337,37.310001,0.016617501564794912,255,38.98,-0.04284245767060024,236,38.700001,0.007235116092115801,187,41.529999,-0.06814346419801254,203,42.389999,-0.020287804205893156,200,41.799999,0.014114832873560745,173,42.27,-0.011119020581973116,143,42.84,-0.013305322128851493,229,38.860001,0.1024189114148506,204,38.93,-0.0017980734651940056,162,41.360001,-0.058752440552407026,202,39.57,0.045236315390447146,160,40.669998,-0.027046915517428882,166,40.439999,0.005687413592665891,149,39.759998,0.01710264170536413,104,40.240002,-0.011928528234168456,119,39.540001,0.017703616143054823,95,39.639999,-0.002522653948603959,109,38.299999,0.03498694608321018,69,39.080002,-0.01995913408602179,63,37.939999,0.030047523195770198,53,39.299999,-0.0346055988449262,53,38.509998,0.020514179200944005,55,37.459999,0.028029872611582185,40,38.869999,-0.03627476296050325,41,40.509998,-0.040483808466245885,42,39.970001,0.013510057205152526,53,40.009998,-0.0009996751312009167,56,39.439999,0.014452307668669118,67,38.689999,0.019384854468463608,95,38.48,0.005457354469854625,93,38.700001,-0.005684780214863627,93,38.740002,-0.0010325502822636778,90,38.099998,0.016798006131128806,86,38.009998,0.002367798072496541,70,37.529998779296875,0.012789741880888661,102,36.310001373291016,0.03359950334344508,155,35.84000015258789,0.013113867187499961,,,
325,FCFS,FIRSTCASH HOLDINGS INC,Financials,325,213.714996,,345,216.240005,-0.011676881897963232,359,214.75,0.0069383236321303166,359,210.820007,0.018641461291669437,300,213.964996,-0.01472166184641932,364,208.369995,0.02685127961921774,351,208.729996,-0.001724720964398463,402,202.539993,0.030561880191237067,382,205.660004,-0.015170723229199101,402,207.979996,-0.011154880491487384,329,214.889999,-0.03215600089420634,328,209.350006,0.026462827041906056,315,204.009995,0.026175242051253544,314,201.940002,0.010250534710799952,268,202.220001,-0.0013846256483798225,248,206.729996,-0.02181587136488894,289,206.740005,-4.8413465018493085e-05,346,195.059998,0.059879048086527664,370,197.410004,-0.011904189009590338,356,208.740005,-0.05427805273838149,349,211.889999,-0.014866175916117608,348,209.660004,0.010636244192764543,302,213.610001,-0.018491629518788466,325,216.380005,-0.012801571013920654,345,215.229996,0.005343163227118364,336,210.059998,0.024612006327830116,282,214.619995,-0.021246841423139484,367,218.610001,-0.018251708438535852,315,221.419998,-0.01269080040367443,344,215.639999,0.026803927967000263,267,223.25,-0.03408735050391942,266,224.289993,-0.004636823007970747,185,221.970001,0.01045182677635803,232,218.410004,0.016299605946621387,275,216.320007,0.009661598245048086,294,215.240005,0.00501766388641367,346,212.449997,0.013132539606484528,346,217.220001,-0.021959322244916146,318,218.8800048828125,-0.007584082429091699,297,223.50999450683594,-0.020714912547870612,293,228.88999938964844,-0.023504757846584567,,,
326,TMUS,T-Mobile US,Communication Services,326,182.779999,,340,180.119995,0.0147679551068165,324,182.610001,-0.013635649670688199,261,183.380005,-0.004198952879295614,287,177.130005,0.03528481806343309,280,178.589996,-0.008119593368578815,268,178.199997,0.0021885466137241405,239,177.190002,0.00570006765957376,195,179.970001,-0.015447013305289747,252,173.460007,0.03753023023918134,195,177.210007,-0.021161333174598895,151,177.089996,0.0006776836789808005,143,172.710007,0.025360366061475625,120,173.339996,-0.0036344122218626707,107,181.520004,-0.0450639478831214,161,182.389999,-0.004769970967541837,187,177.210007,0.029230809747668562,151,180.089996,-0.015991943272629205,246,170.419998,0.05674215534259086,117,190.940002,-0.10746833447713067,144,190.770004,0.0008911149364969617,125,195.639999,-0.024892634557823645,152,192.429993,0.01668142242254289,262,192.850006,-0.0021779257813453468,310,187.619995,0.027875552389818647,284,187.130005,0.0026184469989192216,288,188.410004,-0.006793689150391247,243,187.610001,0.004264180991076172,287,181.479996,0.033777855053512384,275,180.139999,0.007438642208497104,218,184.729996,-0.024847058406259115,289,181.789993,0.01617252386384105,338,177.520004,0.02405356525341218,364,173.059998,0.02577144372785667,396,167.729996,0.03177727375609085,371,173.970001,-0.035868281681506686,334,182.679993,-0.04767895956729096,329,181.570007,0.006113267374605602,339,180.7899932861328,0.004314475525202255,315,184.57000732421875,-0.020480109750442788,357,180.05999755859375,0.02504725674827557,,,
327,TW,Tradeweb Markets Inc. - Class A Common Stock,,327,106.5,,353,105.169998,0.012646211137134378,351,106.290001,-0.010537237646653153,345,105.529999,0.007201762600225203,330,103.919998,0.015492696603015776,328,104.419998,-0.004788354813031082,297,103.699997,0.006943114954960139,275,102.620003,0.010524205500169304,287,103.32,-0.006775038714672776,250,102.32,0.009773260359656089,278,100.480003,0.018312071507402328,261,101.0,-0.0051484851485148475,253,100.5,0.004975124378109541,288,97.800003,0.027607330441492994,140,108.18,-0.09595116472545762,223,104.269997,0.03749883103957519,223,102.014999,0.022104573073612466,293,99.830002,0.021887177764456034,335,99.845001,-0.00015022284390586726,332,98.849998,0.01006578674892844,345,97.290001,0.016034504923070125,329,100.519997,-0.03213287003977927,333,99.900002,0.006206156031908883,276,101.190002,-0.012748295034127999,290,100.68,0.005065574096146275,285,98.830002,0.018718991830031673,318,99.68,-0.008527267255216797,324,97.860001,0.018597986730043203,333,97.120003,0.007619419039762487,333,99.849998,-0.027340961989803958,273,100.260002,-0.004089407458818917,272,102.410004,-0.020994062259776847,228,102.790001,-0.0036968284492964187,252,101.489998,0.012809173569990673,286,99.660004,0.01836237132802032,364,92.099998,0.08208475748283939,369,93.519997,-0.01518390767270883,394,91.5,0.02207646994535528,410,96.05000305175781,-0.047371190607875424,380,99.18000030517578,-0.03155875176446865,417,98.19999694824219,0.009979664255997944,,,
328,ERIC,Ericsson - American Depositary Shares each representing 1 underlying Class B share,,328,10.115,,355,10.17,-0.005408062930186808,339,10.27,-0.009737098344693274,356,10.27,0.0,369,10.18,0.008840864440078589,449,10.07,0.010923535253227312,427,9.98,0.009018036072144353,425,10.15,-0.016748768472906406,401,10.16,-0.0009842519685039353,403,10.06,0.00994035785288272,378,10.27,-0.020447906523855752,343,10.08,0.018849206349206282,350,9.81,0.02752293577981657,361,9.77,0.004094165813715467,361,9.79,-0.002042900919305368,363,9.97,-0.0180541624874625,406,9.67,0.031023784901758056,421,9.34,0.03533190578158463,433,9.31,0.0032223415682062218,411,9.49,-0.018967334035827177,399,9.59,-0.010427528675703845,375,9.59,0.0,369,9.82,-0.02342158859470478,372,9.89,-0.007077856420626971,377,10.07,-0.01787487586891756,382,10.14,-0.006903353057199246,223,11.72,-0.1348122866894198,320,11.35,0.032599118942731264,370,11.58,-0.019861830742659792,410,11.04,0.048913043478260976,425,10.82,0.020332717190387983,423,10.89,-0.006427915518824601,444,10.79,0.009267840593141896,447,10.87,-0.007359705611775569,442,11.15,-0.025112107623318503,418,11.15,0.0,442,10.96,0.017335766423357546,452,11.06,-0.009041591320072317,447,11.15999984741211,-0.008960573476702427,427,11.380000114440918,-0.019332161687170557,415,11.720000267028809,-0.029010238907849817,,,
329,ENTG,"Entegris, Inc. - Common Stock",,329,149.720001,,295,163.089996,-0.08197924659952793,253,161.759995,0.008222063805083613,253,163.809998,-0.01251451697105821,285,161.080002,0.01694807528000908,346,150.210007,0.07236531851037076,405,144.210007,0.04160598924317371,371,152.080002,-0.05174904587389484,378,142.649994,0.06610591234935503,318,145.550003,-0.01992448602010688,380,144.559998,0.006848402142340948,444,125.199997,0.15463259955189934,465,119.050003,0.051658915119892956,482,117.110001,0.016565639001232757,478,107.010002,0.09438369134877678,461,118.160004,-0.09436358854557925,481,126.370003,-0.06496794179865606,476,129.149994,-0.02152528942432619,467,135.300003,-0.04545461096552972,470,137.479996,-0.015856801450590652,464,140.169998,-0.019190996920753323,458,133.789993,0.04768671301148797,436,138.740005,-0.03567833228779249,446,134.600006,0.030757792091034464,438,138.690002,-0.02949020074280473,426,140.630005,-0.01379508590645373,390,136.270004,0.03199530984089516,365,145.350006,-0.062469911421950686,335,146.100006,-0.005133470015052599,307,138.714996,0.053200727701840256,403,135.080002,0.02690993445499057,366,145.169998,-0.06950469200943288,370,146.660004,-0.0101595933407993,199,165.190002,-0.11217384693778265,87,179.860001,-0.08156343221637152,114,171.039993,0.0515669338223137,243,161.429993,0.05953044921460182,94,176.279999,-0.08424101477332102,74,171.4600067138672,0.028111465083516585,74,168.22000122070312,0.019260527765660784,44,184.0,-0.08576086413043482,,,
330,CYTK,CYTOKINETICS,Health Care,330,75.540001,,358,75.870003,-0.004349571463704738,373,74.129997,0.023472360318590013,391,73.449997,0.009257999016664353,337,75.639999,-0.028952961778859976,330,76.449997,-0.010595134490325675,328,77.489998,-0.013421099843104911,346,76.760002,0.009510109184207582,292,81.370003,-0.05665479697721032,341,78.849998,0.03195948083600464,332,78.610001,0.003053008484251274,348,76.449997,0.028253814058357696,318,77.129997,-0.008816284538426866,290,80.419998,-0.0409102347901078,333,78.385002,0.025896147798139424,295,79.449997,-0.013404594590481822,262,80.620003,-0.01451260179189029,245,80.739998,-0.0014861902770917368,203,81.919998,-0.014404297226667473,201,82.190002,-0.003285119764323663,233,81.110001,0.013315263058621074,266,79.110001,0.025281253630625056,173,80.18,-0.013344961336991923,85,80.360001,-0.0022399327745153963,63,82.620003,-0.027354174751119342,63,81.93,0.008421860124496305,54,82.239998,-0.003769431025521075,47,84.870003,-0.0309886285735137,63,86.07,-0.013942105263157867,93,84.879997,0.014019828487976893,80,85.559998,-0.007947650957167984,78,85.57,-0.0001168867593782652,68,86.489998,-0.010637044991029021,93,85.260002,0.014426412985540482,133,85.190002,0.0008216926676440917,106,87.260002,-0.02372220894517052,155,82.190002,0.06168633503622489,171,80.800003,0.017202957282068443,171,81.19999694824219,-0.00492603466475483,194,80.01000213623047,0.014873077993423856,245,79.16999816894531,0.010610130367819215,,,
331,EBAY,eBay Inc.,Consumer Discretionary,331,103.560699,,365,100.940002,0.025962918051061656,326,103.139999,-0.021330201874444454,305,104.580002,-0.013769391589799285,310,102.309998,0.022187508986169613,282,106.010002,-0.03490240477497597,274,107.709999,-0.015783093638316648,227,111.980003,-0.038131843950745425,230,110.139999,0.01670604700114442,222,111.150002,-0.00908684644018265,229,109.610001,0.014049821968344034,252,107.129997,0.023149482586095838,149,114.010002,-0.060345626517925965,174,113.519997,0.004316464173268031,149,115.300003,-0.015438039494240052,96,117.440002,-0.018222062019379037,144,113.209999,0.03736421727200989,177,109.389999,0.034920925449501095,174,109.32,0.0006403128430296778,125,110.949997,-0.014691275746496868,149,113.044998,-0.01857590397410258,139,114.190002,-0.010027182589943395,168,112.059998,0.01900771049451566,264,110.910004,0.010368712997251395,254,112.760002,-0.016406509109497924,273,112.540001,0.0019548693624056313,230,115.089996,-0.022156530442489553,241,117.199997,-0.018003421962544897,260,117.330002,-0.0011080286182897359,267,115.25,0.018047739696312348,264,114.709999,0.004707532078350063,296,113.669998,0.009149300768000357,270,114.839996,-0.010188070713621378,327,111.279999,0.03199134644133128,320,111.75,-0.004205825503355687,344,110.800003,0.008573979912256835,344,107.870003,0.027162324265440185,372,108.0,-0.0012036759259259622,375,109.44999694824219,-0.013248031427538498,390,108.97000122070312,0.00440484532986285,437,104.94000244140625,0.03840288663230629,,,
332,RPRX,Royalty Pharma plc - Class A Ordinary Shares,,332,59.869999,,373,59.450001,0.007064726542225008,385,58.599998,0.014505171143521123,316,58.560001,0.0006830088681180069,280,59.220001,-0.011144883297114494,327,57.790001,0.024744765102184596,309,57.970001,-0.0031050542848879426,361,56.77,0.02113794257530377,363,57.259998,-0.008557422583214236,355,57.75,-0.008484883116883113,335,57.48,0.0046972860125260585,337,57.169998,0.005422459521513323,265,58.43,-0.02156429916138969,260,59.02,-0.00999661131819729,284,59.18,-0.0027036160865157033,275,59.970001,-0.013173269748653182,263,58.73,0.02111358760429094,212,58.830002,-0.0016998469590397969,242,59.02,-0.0032192138258217984,216,58.720001,0.005108974708634584,216,58.419998,0.0051352791898418015,283,57.294998,0.019635221908900213,259,58.18,-0.01521144723272605,186,58.529999,-0.005979822415510316,264,56.310001,0.0394245775275337,281,55.669998,0.011496371887780521,259,56.450001,-0.013817590543532488,286,56.43,0.00035443912812338496,261,57.959999,-0.026397498730115654,254,58.369999,-0.007024156364984657,247,57.799999,0.00986159186611757,282,56.919998,0.015460313262835923,236,57.77,-0.014713553747619956,296,55.779999,0.03567588805442612,304,56.07,-0.005172124130551126,235,57.09,-0.01786652653704679,228,56.23,0.015294326871776676,252,54.689999,0.028158731544317472,278,54.279998779296875,0.007553426815648967,235,55.349998474121094,-0.019331509280271386,303,53.56999969482422,0.03322751540041069,,,
333,COKE,"Coca-Cola Consolidated, Inc. - Common Stock",,333,189.460007,,351,186.210007,0.017453412157382164,341,189.110001,-0.015334958408677823,285,190.160004,-0.005521681625543007,268,188.770004,0.0073634580205867994,322,181.710007,0.038853099598416874,291,185.550003,-0.020695208503984874,217,192.990005,-0.0385512296349233,251,188.229996,0.025288259582176176,298,184.740005,0.01889136573315575,375,181.0,0.02066301104972368,383,180.759995,0.0013277550710266706,341,187.899994,-0.03799893149544209,327,189.830002,-0.010167033554580152,309,192.389999,-0.013306289377339131,292,195.0,-0.013384620512820522,300,186.279999,0.04681125749844983,274,184.699997,0.008554423528225552,356,178.440002,0.035081791805853024,302,184.360001,-0.03211108140534247,330,183.089996,0.0069365067876236974,342,181.970001,0.0061548331804428535,352,180.740005,0.006805333440153438,303,182.449997,-0.009372387109439106,350,177.009995,0.030732739131482445,311,177.149994,-0.0007902850959170538,354,178.009995,-0.004831195012392486,293,179.300003,-0.007194690342531729,292,175.5,0.02165243874643874,290,175.779999,-0.0015928945363118396,225,177.639999,-0.010470614785355825,238,187.880005,-0.05450290465981211,169,195.630005,-0.03961559986669738,165,193.839996,0.009234466760925875,184,190.919998,0.015294353816199147,179,192.279999,-0.007073023752200092,212,188.029999,0.02260277627294993,271,179.229996,0.049098941005388363,284,177.5399932861328,0.009518998910853727,261,183.00999450683594,-0.029889088844573752,321,178.89999389648438,0.02297373470006936,,,
334,ONB,OLD NATIONAL BANCORP,Financials,334,26.690001,,343,27.07,-0.01403764314739575,352,27.17,-0.003680529996319515,299,27.07,0.003694126339120807,284,27.08,-0.00036927621861149174,294,26.84,0.008941877794336861,290,26.52,0.012066365007541435,269,26.559999,-0.0015059865024844576,250,26.67,-0.004124521934758207,257,27.0,-0.012222222222222134,232,27.15,-0.0055248618784530246,202,26.85,0.011173184357541777,208,26.639999,0.007882920716326014,219,26.41,0.008708784551306303,195,26.68,-0.010119940029984953,199,26.889999,-0.007809557746729534,206,26.41,0.01817489587277543,161,26.49,-0.003020007550018855,166,26.110001,0.014553771943555116,146,26.389999,-0.01061000419136049,158,26.17,0.008406534199465021,153,26.51,-0.012825348924934032,160,26.74,-0.008601346297681278,105,27.290001,-0.020153938433347895,180,26.379999,0.03449590729703966,179,26.309999,0.002660585429896889,175,26.325001,-0.0007596278009873725,167,26.209999,0.004387714780149432,164,26.17,0.0015284294994266645,186,25.73,0.017100660707345616,160,26.43,-0.026485054861899338,144,26.450001,-0.0007561814458910687,162,26.0,0.017307730769230867,131,26.23,-0.008768585589020272,172,25.9,0.012741312741312738,170,25.799999,0.003876007902170908,165,25.879999,-0.0030911902276349323,183,25.879999,0.0,182,25.649999618530273,0.008966822612085812,200,25.31999969482422,0.013033175355450233,227,25.010000228881836,0.012395041983206623,,,
335,CSX,CSX Corporation,Industrials,335,50.299999,,359,50.580002,-0.0055358439883019805,362,50.16,0.008373245614035074,318,50.139999,0.0003989030793556392,321,50.080002,0.0011980231150949816,318,49.939999,0.002803424165066515,293,50.119999,-0.0035913807580083557,270,50.27,-0.0029839069027253196,247,50.700001,-0.008481281883998326,220,51.119999,-0.008215923478402276,213,51.029999,0.0017636684648965062,218,49.830002,0.024081817215259038,174,50.400002,-0.011309523360733209,183,50.189999,0.004184160274639526,165,50.740002,-0.01083963299804358,152,50.84,-0.0019669158143195142,133,51.799999,-0.018532799585575188,64,53.23,-0.02686456885215094,77,52.810001,0.00795302011071719,152,49.93,0.05768077308231523,155,49.889999,0.0008017839407050698,158,50.110001,-0.00439038107382983,172,50.75,-0.012610817733990198,184,50.889999,-0.0027510120406959437,236,49.43,0.029536698361319003,222,49.919998,-0.009815665457358347,221,49.639999,0.005640592377932796,250,49.41,0.00465490791337797,268,49.349998,0.0012158460472480037,253,48.689999,0.013555124533890295,235,48.509998,0.003710595906435632,255,48.810001,-0.0061463428365837736,241,48.889999,-0.0016362855724337821,243,48.330002,0.011586943447674747,244,47.529999,0.01683153833013984,244,48.009998,-0.00999789668810247,282,47.66,0.007343642467478206,272,47.439999,0.004637457939238088,273,46.060001373291016,0.029960876466329278,288,46.15999984741211,-0.002166356152512927,315,46.20000076293945,-0.0008658224920818913,,,
336,CGNX,Cognex Corporation - Common Stock,,336,63.560001,,317,66.599998,-0.04564560197133938,319,65.629997,0.01477984221148132,362,61.59,0.0655950154245819,390,60.669998,0.015164035443020918,352,62.900002,-0.035453162624700774,348,64.360001,-0.022684881561763737,302,66.889999,-0.037823262637513344,267,67.379997,-0.007272158234141846,209,70.709999,-0.04709379220893484,298,71.519997,-0.011325475866560852,330,67.440002,0.060498144706460755,368,65.239998,0.03372170550955578,394,62.619999,0.0418396525365643,394,57.82,0.08301624005534425,386,60.360001,-0.042080864113968386,393,61.290001,-0.015173763824869235,356,62.049999,-0.012248154911332132,343,63.439999,-0.02191046692797083,383,62.540001,0.01439075768482967,370,62.939999,-0.006355227301481303,386,63.080002,-0.0022194514198018434,386,64.07,-0.015451818323708344,374,63.889999,0.002817358003088799,366,63.240002,0.010278257106949518,230,65.029999,-0.027525711633487937,262,63.91,0.01752462838366453,183,66.800003,-0.04326351602109968,236,65.760002,0.015815099883969008,219,64.110001,0.025737029703056802,262,64.205002,-0.0015573586911284965,213,69.489998,-0.0760540531315026,237,67.800003,0.024926178838074575,162,71.305,-0.04922163929944279,173,72.419998,-0.015396272173329839,253,68.360001,0.05939141223827682,292,66.559998,0.0270433151154843,324,66.540001,0.0003005259948822836,346,63.63999938964844,0.04556885678140876,307,63.959999084472656,-0.005003127032569221,234,67.5999984741211,-0.053846140646335416,,,
337,NXPI,NXP Semiconductors,Information Technology,337,225.479996,,322,232.720001,-0.03111036854971483,322,234.710007,-0.008478573305994552,348,231.910004,0.012073661988294404,359,233.410004,-0.006426459767337134,311,236.380005,-0.012564518729069385,343,233.429993,0.01263767334303112,303,239.710007,-0.026198380612453942,303,231.779999,0.034213512961487114,251,231.149994,0.0027255246219042295,228,237.600006,-0.02714651446599714,237,224.169998,0.05990992603747092,234,229.160004,-0.021775204716788177,198,245.160004,-0.06526350032201822,212,240.979996,0.017345871314563333,157,259.119995,-0.07000617223692063,212,267.670013,-0.03194238272779537,172,269.23999,-0.005831143434524733,173,277.290009,-0.029031045976128267,269,278.799988,-0.0054159937768719635,260,273.149994,0.020684584016501972,233,267.179993,0.022344491191000015,237,266.529999,0.0024387273569157486,113,270.660004,-0.015259014774861357,72,279.01001,-0.029927263183138098,68,283.869995,-0.01712046037130477,65,278.390015,0.01968454220601279,59,292.26001,-0.04745772437358098,90,290.540009,0.0059200142724578075,88,283.894989,0.023713086386759397,151,273.149994,0.03933734298379665,148,280.51001,-0.026237979885281204,157,273.359985,0.026156077671719347,121,279.179993,-0.020846794705665084,149,281.029999,-0.006582948463092597,223,278.369995,0.009555641943378212,224,277.019989,0.004873316199575761,102,298.640015,-0.07239494010874592,77,294.05999755859375,0.015575110627593647,49,299.94000244140625,-0.01960393398943827,58,323.239990234375,-0.07208262814263788,,,
338,HON,Honeywell Technologies,Industrials,338,228.214996,,331,229.449997,-0.005382440689245205,318,233.960007,-0.019276841618490748,274,233.990005,-0.0001282020571776732,253,235.339996,-0.005736343260582144,279,230.119995,0.022683821977312446,240,242.929993,-0.05273123273831404,198,246.210007,-0.013322017410933196,204,240.740005,0.022721616209985473,189,248.119995,-0.02974363271287339,210,248.789993,-0.0026930263228072127,191,246.770004,0.008185715310844666,157,243.050003,0.015305496622437742,194,241.910004,0.004712492171262239,199,241.119995,0.00327641430151826,209,247.050003,-0.02400327030151872,210,245.75,0.005289940996948239,179,243.149994,0.010693012807559521,487,246.270004,-0.01266906220539965,273,232.990005,0.05699814891201016,305,229.860001,0.013617001593939637,318,226.179993,0.01627026312623503,313,225.020004,0.005155048348501445,311,226.330002,-0.005787999772120411,301,221.630005,0.015661488344309582,407,222.679993,-0.004715232769025524,381,222.25,0.0019347266591676071,396,226.419998,-0.018417092292351334,386,223.419998,0.013427625220908013,397,220.360001,0.01388635408474137,358,225.050003,-0.020839821983916984,363,231.179993,-0.026516092160276172,383,229.860001,0.005742591117451568,426,221.75,0.0365727215332583,432,223.899994,-0.009602474576216324,428,227.800003,-0.01712032023107568,261,232.210007,-0.5094957223559614,283,231.240005,0.0041947845486338675,282,227.4199981689453,0.016797146396949625,290,222.3699951171875,0.022709911919546633,233,228.11000061035156,-0.025163324601449766,,,
339,CRDO,Credo Technology Group Holding Ltd - Ordinary Shares,,339,250.244995,,73,282.820007,-0.11517930554326017,198,259.899994,0.0881878165799419,268,265.98999,-0.02289558340146558,314,268.160004,-0.008092235857812824,405,247.690002,0.08264363452183265,458,239.934998,0.032321270613468345,434,249.889999,-0.03983753267372647,483,230.429993,0.08445083796014341,478,224.630005,0.025820183728349155,454,237.919998,-0.05585908335456513,465,218.350006,0.08962670694865915,469,206.990005,0.05488188185704912,484,201.080002,0.029391301677030857,477,177.449997,0.13316430205405982,462,192.279999,-0.07712711710592435,496,208.139999,-0.07619871277120538,483,213.149994,-0.02350455144746566,469,236.5,-0.09873152642706129,489,228.270004,0.03605377778851748,474,223.869995,0.019654304276015333,459,212.070007,0.05564194657663202,461,202.679993,0.04632925954363931,456,207.970001,-0.025436399358386264,447,226.740005,-0.08278205692021579,458,236.179993,-0.03996946515279132,427,236.880005,-0.0029551333385019474,353,257.790009,-0.08111254614215857,247,265.649994,-0.029587747703845202,164,258.690002,0.026904758383356375,293,246.399994,0.0498782804353477,188,265.549988,-0.07211446004659583,324,241.910004,0.09772222565876199,241,259.089996,-0.06630897473941832,229,271.950012,-0.04728816117868029,283,245.679993,0.10692779122636997,316,238.0,0.03226887815126056,195,268.029999,-0.11203969373592382,176,268.989990234375,-0.0035688725814666533,55,272.0050048828125,-0.011084410009293832,18,302.5199890136719,-0.10086931478765859,,,
340,TXRH,"Texas Roadhouse, Inc. - Common Stock",,340,204.880005,,361,204.399994,0.0023483904798942135,332,207.100006,-0.01303723767154319,256,207.009995,0.0004348147537514002,195,214.279999,-0.03392759022740144,230,209.820007,0.021256276099542726,221,207.460007,0.011375686495566306,206,208.0,-0.002596120192307705,183,208.169998,-0.0008166306462662476,219,208.5,-0.001582743405275866,201,208.240005,0.0012485353138558253,223,210.669998,-0.011534594498833206,231,205.440002,0.025457534798894788,230,208.220001,-0.013351258220385853,234,209.160004,-0.0044941814019089366,301,204.779999,0.021388832021627113,291,201.039993,0.018603293524786402,294,193.270004,0.04020276731613248,254,190.860001,0.012627072133359007,266,191.429993,-0.0029775480376263985,242,194.309998,-0.014821702586811925,186,196.259995,-0.009935784416992388,145,197.029999,-0.003908054630807789,76,197.550003,-0.0026322652093303534,125,189.860001,0.0405035392367874,127,189.089996,0.004072161490764392,116,192.029999,-0.015310123497943584,121,189.5,0.013350918205804696,191,187.039993,0.013152304812158455,235,181.679993,0.02950242297730621,136,187.029999,-0.028605068858499005,180,186.009995,0.005483597803440654,149,194.279999,-0.04256744926172251,191,191.479996,0.014622953094275193,212,193.229996,-0.00905656490310125,196,193.839996,-0.003146925364154507,183,196.589996,-0.013988504277704927,230,190.610001,0.03137293409908759,222,187.02000427246094,0.01919579148335382,272,179.99000549316406,0.03905771878832942,291,179.77000427246094,0.001223791484145531,,,
341,FWONK,Liberty Media Corporation - Series C Liberty Formula One Common Stock,,341,102.57,,375,101.980003,0.005785418539358211,320,103.900002,-0.018479297045634335,300,103.690002,0.002025267585586521,290,103.610001,0.0007721358867665007,289,102.379997,0.012014104669293868,247,102.730003,-0.0034070475010109513,248,102.849998,-0.001166699099012125,291,99.690002,0.03169822386000143,365,96.050003,0.03789691708807141,342,96.43,-0.003940651249611182,312,97.739998,-0.013402885479903426,298,98.129997,-0.0039743097108216885,248,100.0,-0.01870002999999998,208,101.889999,-0.01854940640445002,232,101.199997,0.006818201783148403,245,98.330002,0.02918737863953269,225,97.050003,0.013189067083284822,218,96.480003,0.005907960015299807,225,96.959999,-0.00495045384643622,235,97.915001,-0.009753377830226562,203,99.199997,-0.012953589101418972,147,102.199997,-0.029354208298068785,119,99.739998,0.024664117197997104,106,100.0,-0.002600020000000036,121,100.870003,-0.008624992308169155,141,99.639999,0.01234448025235313,185,96.129997,0.036513077182349196,195,95.910004,0.0022937440394643627,179,96.489998,-0.006010923536344137,129,98.830002,-0.023677061141818,146,98.970001,-0.0014145599533741393,173,98.5,0.004771583756345121,196,98.379997,0.001219790645043295,213,95.139999,0.03405505606532544,234,93.480003,0.017757765797247638,238,92.169998,0.014212922083387536,290,90.449997,0.01901604264287604,270,90.02999877929688,0.004665089466456607,305,89.19000244140625,0.009418062351876477,330,89.3499984741211,-0.0017906659606191644,,,
342,ESLT,Elbit Systems Ltd. - Ordinary Shares,,342,781.015015,,314,782.840027,-0.002331270677348729,306,783.619995,-0.0009953395842076107,278,779.619995,0.005130704735196057,277,779.51001,0.00014109504507842097,278,776.080017,0.004419638342524124,,,,,,,,,,,,,,,,,,,240,808.650024,0.026587521624806154,289,781.48999,0.02886915538307111,256,769.099976,0.021921787187781705,170,818.590027,-0.060457676452977394,213,812.859985,0.007049236160886707,205,820.210022,-0.008961164583282666,274,808.599976,0.014358207203310602,,,,,,,,,,,,,,,,,,,,,,,,,,,,,,,,,,,,,,,,,,,,,,,,,,,,435,715.719971,0.023668477458204107,423,732.710022,-0.023187960434366772,332,750.9000244140625,-0.024224266105496994,287,772.4500122070312,-0.02789822987277002,314,774.6199951171875,-0.0028013516485589918,,,
343,BBIO,"BridgeBio Pharma, Inc. - Common Stock",,343,83.459999,,413,79.889999,0.04468644441965752,393,79.860001,0.0003756323519206184,400,81.209999,-0.016623544103232857,382,83.839996,-0.03136924052334167,370,83.699997,0.0016726284948374026,375,84.669998,-0.011456253961409257,404,84.480003,0.00224899376483223,311,82.800003,0.020289854337323998,304,81.989998,0.009879314791543248,291,82.07,-0.0009748019982940281,293,79.959999,0.026388206933319225,233,80.089996,-0.0016231365525352093,214,82.139999,-0.024957426649104386,156,83.540001,-0.016758462811126806,102,85.550003,-0.023495054699179896,120,84.120003,0.01699952388256576,106,84.019997,0.0011902642653034423,111,82.93,0.013143578921982257,121,82.660004,0.0032663439019433582,97,82.449997,0.0025470831733322985,131,80.760002,0.020926138659580484,109,81.379997,-0.007618518344256087,61,80.300003,0.013449488912223417,32,82.660004,-0.028550700287892528,32,84.089996,-0.01700549492236858,38,83.080002,0.012156884637532839,34,85.889999,-0.0327162304426154,30,90.169998,-0.04746588771134275,137,78.330002,0.15115531338809385,131,77.910004,0.005390809632098037,116,77.75,0.00205792926045012,59,77.190002,0.007254799656566835,87,74.519997,0.03582937610692616,98,74.480003,0.0005369763478662026,139,72.010002,0.034300804491020465,121,70.239998,0.0251993742938319,197,69.690002,0.007892035933647845,242,69.36000061035156,0.004757799816064168,278,68.62999725341797,0.010636806526452158,253,68.91999816894531,-0.004207791764590629,,,
344,MTSI,"MACOM Technology Solutions Holdings, Inc. - Common Stock",,344,297.809998,,227,327.529999,-0.0907397828923755,312,316.440002,0.03504612858648626,399,307.059998,0.030547788904759843,396,310.75,-0.011874503620273535,400,299.929993,0.03607510836703809,410,297.029999,0.009763303402899881,392,310.820007,-0.04436653912050137,396,301.640015,0.030433601457021453,467,263.459991,0.14491773060145596,470,273.309998,-0.03603968779802924,471,256.100006,0.067200279565788,468,251.440002,0.018533264249655845,488,248.710007,0.01097661904693692,483,228.710007,0.08744698258874184,487,249.229996,-0.08233354463481202,500,263.079987,-0.052645551483929576,493,266.98999,-0.014644755033699774,478,282.820007,-0.05597205504630376,476,282.619995,0.0007077064734926086,479,283.029999,-0.0014486238259144857,472,269.799988,0.04903636615432316,476,267.359985,0.009126283426444726,459,275.48999,-0.029511072253478154,469,293.019989,-0.05982526673291233,465,301.76001,-0.028963483266056356,461,294.23999,0.025557436975171433,457,308.519989,-0.04628549043543506,436,317.350006,-0.027824221941246785,432,305.230011,0.03970774354819273,436,304.820007,0.0013450691902909817,431,327.640015,-0.06964963665991786,423,322.26001,0.01669460942423484,334,350.630005,-0.08091148673941917,220,380.369995,-0.07818700315728122,379,372.589996,0.020880858540281544,409,369.179993,0.009236695012343032,385,390.190002,-0.0538455852079982,395,373.0799865722656,0.0458615192350158,384,372.1499938964844,0.0024989735724676443,238,396.260009765625,-0.060843929217081594,,,
345,ALKS,ALKERMES,Health Care,345,49.639999,,376,49.849998,-0.004212618022572334,364,49.060001,0.016102669871531416,350,49.450001,-0.007886754137780505,316,50.279999,-0.01650751822807306,345,49.209999,0.021743548501189647,323,49.400002,-0.0038462144191815373,355,49.169998,0.004677730513635625,375,48.369999,0.016539156843894176,374,49.610001,-0.02499500050403136,345,49.669998,-0.0012079122692938427,308,49.529999,0.002826549622987118,249,48.990002,0.011022595998261053,253,50.029999,-0.020787467934988313,291,48.34,0.034960674389739266,332,50.5,-0.0427722772277227,254,52.73,-0.042290915987104105,167,52.889999,-0.0030251276805659533,121,52.970001,-0.0015103265714493386,91,52.580002,0.007417249622774902,81,52.849998,-0.005108722993707571,93,51.720001,0.02184835611275404,64,52.720001,-0.018968133175869983,56,51.939999,0.015017366480888805,61,51.98,-0.000769545979222741,77,51.599998,0.007364380130402193,72,51.869999,-0.0052053403741149085,85,51.939999,-0.0013477089208261406,64,53.779999,-0.03421346288980032,57,54.290001,-0.009394031877067,46,55.220001,-0.01684172370804571,44,55.139999,0.001450888673393047,34,54.580002,0.010260113218757416,58,51.720001,0.055297775419609785,52,52.395,-0.012977117825300755,35,52.529999,-0.0025699410350263907,8,55.080002,-0.046296349081468846,11,52.830002,0.04258943620710065,14,50.45000076293945,0.04717544009563057,27,48.06999969482422,0.049511150405658455,70,46.02000045776367,0.04454584963059527,,,
346,REG,Regency Centers,Real Estate,346,76.135002,,367,76.370003,-0.003077137498606608,343,76.709999,-0.004432225321760241,284,76.860001,-0.0019516263082015595,283,75.739998,0.014787470683587767,271,75.82,-0.0010551569506725977,254,76.110001,-0.003810287691364045,229,77.120003,-0.013096498453196381,237,76.959999,0.0020790540810688984,212,79.07,-0.026685228278740314,185,79.43,-0.00453229258466592,173,80.300003,-0.01083440806347169,148,80.290001,0.00012457341979610348,158,80.360001,-0.0008710801285329861,179,81.110001,-0.009246701895614606,201,80.970001,0.0017290354238725936,163,82.339996,-0.016638268964696112,135,82.150002,0.002312769268100645,136,81.18,0.0119487804878049,115,82.220001,-0.012649002521904484,126,82.089996,0.001583688711594089,134,82.139999,-0.0006087533553537083,146,82.68,-0.0065312167392356235,231,82.379997,0.0036416971464565684,295,79.989998,0.029878723087354064,297,80.330002,-0.004232590458543628,319,79.940002,0.0048786588721874136,313,79.620003,0.0040190779696405166,294,79.440002,0.0022658735582608003,273,79.720001,-0.003512280437628079,234,80.739998,-0.012633106579963083,262,79.839996,0.011272570705038731,230,80.959999,-0.013834029321072472,249,79.370003,0.02003270681494107,264,79.739998,-0.004640017673439134,261,81.300003,-0.01918825267448032,241,81.809998,-0.006233895764182651,278,80.25,0.01943922741433024,271,79.87000274658203,0.004757693573643751,293,78.66999816894531,0.01525365489395325,319,77.36000061035156,0.016933776926916222,,,
347,META,Meta Platforms,Communication Services,347,554.690002,,346,568.969971,-0.02509793087129364,331,589.849976,-0.035398840128121,336,594.969971,-0.008605467922010446,325,578.849976,0.027848312461534963,281,599.119995,-0.03383298699620274,299,594.919983,0.007059793115068436,232,592.099976,0.004762721017235849,164,589.900024,0.00372936414730507,158,588.77002,0.001919262125473109,131,587.940002,0.001411739288322833,87,590.23999,-0.0038966997136198334,180,556.710022,0.060228784600540264,152,539.030029,0.0327996438951641,100,585.609985,-0.0795409183468756,70,593.409973,-0.013144349361988161,67,593.869995,-0.0007746173470171147,75,595.190002,-0.0022177909500570303,58,606.099976,-0.018000287794104675,50,627.169983,-0.033595368992651586,60,643.809998,-0.025846158108280837,53,645.849976,-0.003158594218171884,74,646.01001,-0.00024772681153961695,90,664.539978,-0.027883902569365127,54,681.309998,-0.024614375319940485,74,661.039978,0.030663833768916016,98,656.72998,0.00656281596890107,105,669.210022,-0.018648916767119217,206,631.47998,0.059748595672027616,243,603.119995,0.04702212699812747,275,615.580017,-0.02024110863884654,322,600.289978,0.025471088241289852,301,582.900024,0.02983351052323857,255,612.909973,-0.048963061986266654,406,563.289978,0.08808961092504997,406,562.599976,0.0012264522385974086,429,550.25,0.022444299863698225,399,542.869995,0.013594424204638411,391,557.6699829101562,-0.026538971885097795,382,562.2000122070312,-0.00805768214747038,388,563.8499755859375,-0.0029262464666663934,,,
348,VNOM,"Viper Energy, Inc.  - Class A Common Stock",,348,43.639999,,382,43.049999,0.013704994511149815,382,42.290001,0.01797110385502254,376,41.27,0.024715313787254445,335,42.23,-0.02273265451101103,313,42.880001,-0.015158605056935559,270,42.369999,0.012036865990957324,296,40.82,0.03797155805977459,316,41.41,-0.01424776624003854,276,41.43,-0.00048274197441477984,,,,,,,,,,,,,247,43.18,0.006484460398332725,289,42.98,0.027117006966769663,309,43.529999,-0.0232342002036664,217,45.130001,-0.04631065707266446,238,45.360001,-0.00022148870672333842,237,45.27,-0.002871681024961381,249,44.860001,0.009139522756586693,279,44.360001,0.011271415435720966,261,44.380001,-0.000450653437344517,268,44.060001,0.00726282325776606,322,43.32,0.017082202216066378,300,43.0,0.007441860465116301,345,43.209999,-0.004859963084007601,374,42.029999,0.028075185060080665,391,41.669998,0.008639333268026572,350,42.990002,-0.030704906689699607,362,41.619999,0.03291693976254062,,,,376,40.75,-0.0066257668711656725,379,41.220001,-0.0114022559096979,366,42.400002,-0.027830210951405032,350,42.41,-0.00023574628625311345,341,42.57,-0.0037585153864224674,321,43.549999,-0.02250284781866474,360,43.31999969482422,0.005309302862419152,303,,-0.008241758241758212,390,43.560001373291016,,,,
349,ASML,ASML Holding N.V. - New York Registry Shares,,349,1796.242554,,320,1883.119995,-0.04613484070620799,361,1844.079956,0.021170469790627644,367,1847.900024,-0.0020672482008691206,364,1810.069946,0.020899787924549162,336,1799.380005,0.0059409024054370985,386,1733.47998,0.03801602889004796,380,1740.98999,-0.004313643411585577,385,1704.369995,0.021485942082663856,387,1678.219971,0.015582000245425442,389,1711.890015,-0.019668345340515314,363,1642.52002,0.04223388096054981,367,1629.0,0.008299582565991281,396,1651.439941,-0.013588106017595747,393,1550.689941,0.06497107986334716,391,1582.949951,-0.020379677815852815,399,1655.26001,-0.043685015383172265,336,1757.089966,-0.05795375192530128,314,1803.0,-0.025463135884636667,368,1801.859985,0.0006326878944480363,360,1801.51001,0.00019426758555729506,355,1739.02002,0.035934025647387235,321,1747.579956,-0.004898165586421976,315,1784.869995,-0.020892299777833356,292,1815.27002,-0.016746833619826984,361,1775.640015,0.022318715880031537,313,1726.040039,0.028736283561959786,287,1797.319946,-0.03965899736362244,273,1804.25,-0.0038409610641539915,197,1768.650024,0.020128332636146107,277,1747.280029,0.012230435102168702,221,1825.069946,-0.04262297846199925,246,1769.319946,0.03150928136317965,148,1843.040039,-0.03999918148278492,82,1989.439941,-0.07358850045325405,115,1883.109985,0.05646508002558326,145,1794.619995,0.04930848327029813,137,1841.180054,-0.02528816174107862,190,1762.77001953125,0.04448114791514324,151,1778.4599609375,-0.008822206484298878,90,1929.25,-0.07815992691460416,,,
350,CTAS,Cintas,Industrials,350,199.714996,,390,197.820007,0.009579359685292221,387,199.520004,-0.008520433870881416,283,200.699997,-0.005879387232875732,210,203.509995,-0.013807665810222303,185,205.279999,-0.008622388974193207,169,202.710007,0.012678170348048079,133,203.050003,-0.0016744446933104618,147,202.149994,0.004452184153911132,152,201.399994,0.003723932583632461,120,203.649994,-0.011048367622343291,103,204.009995,-0.001764624326371922,66,204.630005,-0.0030299075641424533,53,206.789993,-0.010445321694072529,33,216.529999,-0.044982247471400005,32,214.899994,0.007584946698509398,39,210.979996,0.018579951058488087,48,205.910004,0.024622368517850157,45,203.25,0.013087350553505406,62,201.360001,0.009386169003843037,74,200.410004,0.0047402673571126375,67,201.800003,-0.006888002870842458,83,204.449997,-0.012961575147394044,52,206.25,-0.008727287272727313,129,192.369995,0.07215265041723384,248,184.330002,0.04361738682127281,263,183.75,0.003156473469387855,295,179.639999,0.02287909721041581,278,177.690002,0.010974151488838402,295,180.169998,-0.013764755661483608,279,181.830002,-0.009129428486724711,290,178.240005,0.02014136500949948,253,181.369995,-0.01725748517553849,301,174.229996,0.04098030858015966,326,170.080002,0.024400246655688518,332,169.080002,0.005914359996281426,287,171.899994,-0.016404840595864,314,169.089996,0.01661835748106566,313,170.92999267578125,-0.010764623385902672,314,168.8000030517578,0.012618423946354929,327,169.4499969482422,-0.003835904464489226,,,
351,LKQ,LKQ Corporation - Common Stock,,351,25.43,,378,25.450001,-0.000785893878746835,401,25.42,0.0011802124311566242,351,25.200001,0.008730118701185896,356,24.709999,0.01983011007001667,380,24.700001,0.0004047773115474218,355,24.57,0.005291045991046017,335,24.860001,-0.01166536558063691,338,24.469999,0.01593796550625104,370,24.110001,0.01493148009409051,340,24.49,-0.015516496529195511,376,23.35,0.04882226980728044,378,22.450001,0.040089040530554954,377,22.6,-0.00663712389380533,288,26.389999,-0.14361497323285222,343,26.559999,-0.006400602650625142,350,26.25,0.011809485714285861,341,25.82,0.016653756777691653,362,24.82,0.04029008863819494,335,25.190001,-0.014688407515346946,355,24.92,0.010834711075441206,323,25.040001,-0.004792372013084134,342,25.379999,-0.013396296824125242,280,26.01,-0.024221491733948497,,,,,,,,,,,,,,,,,,,,,,,,,,,,,,,,,,,,,330,26.885,-0.033666295461846296,310,26.75,0.010467327102803736,331,26.229999542236328,0.019824628288219515,342,25.729999542236328,0.019432568985619847,333,25.40999984741211,0.012593467138921621,,,
352,SMTC,Semtech Corporation - Common Stock,,352,137.419998,,212,154.220001,-0.10893530599834456,371,140.350006,0.09882432780230865,446,133.580002,0.050681268892330156,436,140.0,-0.04585712857142854,428,131.179993,0.06723591607448864,418,131.270004,-0.0006856935876988768,388,139.419998,-0.05845642029058118,377,134.779999,0.034426465606369305,438,121.25,0.11158762061855665,442,129.160004,-0.06124189962087634,447,119.080002,0.08464899085238509,470,117.82,0.010694296384315072,503,114.610001,0.02800801825313659,502,103.550003,0.10680828275784782,490,111.300003,-0.06963162435853665,478,121.519997,-0.08410133519012508,470,125.919998,-0.03494282933517834,458,138.679993,-0.09201035220704101,460,136.929993,0.01278025333719257,434,137.839996,-0.0066018791817145095,465,125.879997,0.09501111602346168,495,124.959999,0.007362340007701196,503,127.650002,-0.021073270331793736,478,135.220001,-0.05598283496536871,440,141.360001,-0.043435200598223034,475,132.149994,0.06969358621385946,475,136.130005,-0.029236838711641955,469,137.5,-0.009963599999999961,472,128.839996,0.06721518370739465,475,126.400002,0.019303749694560945,461,138.889999,-0.08992725962939918,455,135.270004,0.026761254475899943,403,147.029999,-0.07998364333798302,261,161.850006,-0.09156630491567608,378,156.139999,0.03656979016632378,436,149.75,0.04267111185308847,318,162.270004,-0.07715538110173459,377,158.47999572753906,0.02391474063389043,178,163.27999877929688,-0.02939737279150767,108,174.72999572753906,-0.06552965868550698,,,
353,IBKR,Interactive Brokers,Financials,353,91.019997,,313,94.330002,-0.03508963139850241,350,92.059998,0.024657875834409593,393,91.419998,0.007000656464682731,354,91.660004,-0.002618437590292899,344,89.779999,0.02094013166562858,319,90.660004,-0.009706650796088567,359,87.830002,0.03222135871066034,364,86.019997,0.02104167708817739,363,88.739998,-0.030651352955856415,361,88.629997,0.0012411260715714523,297,87.75,0.010028455840455974,301,87.989998,-0.00272756001199137,210,90.480003,-0.027519948247570203,269,86.260002,0.04892187459026487,258,90.910004,-0.05114950825433906,277,92.269997,-0.014739276516937627,270,91.739998,0.005777185650254868,301,91.760002,-0.000218003482606699,304,93.5,-0.018609604278074898,308,94.419998,-0.009743677393426853,327,91.68,0.029886540139616002,310,90.529999,0.012702982577079247,302,92.209999,-0.018219282271112358,200,97.410004,-0.053382658725689036,203,95.610001,0.018826513766065256,198,93.559998,0.021911105641537088,205,94.089996,-0.005632883648969522,211,95.279999,-0.012489536235196663,162,93.400002,0.020128447106457337,181,94.57,-0.012371766945119989,176,95.989998,-0.014793187098514182,256,91.330002,0.05102371507667325,244,93.25,-0.020589790884718573,318,87.040001,0.07134649504427282,230,88.199997,-0.013151882533510628,173,89.82,-0.018036105544422143,165,92.160004,-0.025390667300752345,134,92.79000091552734,-0.006789492329028035,144,94.69999694824219,-0.020168912993735244,148,96.81999969482422,-0.02189633340218955,,,
354,LQDA,LIQUIDIA,Health Care,354,74.379997,,356,77.699997,-0.04272844437818957,328,74.440002,0.04379359097814084,401,72.099998,0.03245498009583869,306,78.790001,-0.08490928944143561,70,88.050003,-0.10516753758656883,122,91.029999,-0.032736416925589595,156,90.220001,0.008978031379095253,128,89.419998,0.008946578146870277,235,89.120003,0.00336619153839135,197,88.379997,0.008373003226058051,240,83.849998,0.05402503408527215,230,84.110001,-0.0030912257390176556,211,86.800003,-0.03099080538050225,142,86.82,-0.00023032711356818503,178,86.82,0.0,186,84.419998,0.02842930652521436,123,86.220001,-0.020876861274914504,83,89.029999,-0.0315623725885924,71,87.040001,0.022863028229974436,113,80.889999,0.07602920108825817,191,77.080002,0.049429124301268335,127,79.940002,-0.0357768317293764,251,75.269997,0.06204337964833462,119,77.75,-0.03189714469453375,151,76.489998,0.016472768112766767,225,71.209999,0.07414687648008544,60,77.93,-0.0862312459899911,62,81.449997,-0.043216662119705096,49,79.470001,0.024915011640681772,41,81.230003,-0.02166689566661717,10,79.209999,0.025501881397574477,10,78.93,0.0035474344355757026,35,79.32,-0.004916792738275166,45,79.730003,-0.005142392883140889,104,75.120003,0.06136847465248363,45,78.169998,-0.03901746294019359,31,76.919998,0.01625065044853491,48,75.54000091552734,0.018268427081434613,63,74.04000091552734,0.02025931901324518,79,75.48999786376953,-0.019207802866811563,,,
355,DKNG,DraftKings Inc. - Class A Common Stock,,355,25.075001,,384,25.299999,-0.00889320193253762,325,26.139999,-0.03213466075496019,329,25.42,0.02832411487018094,291,25.51,-0.003528028224225821,339,25.34,0.006708760852407236,362,24.27,0.04408735063864855,370,24.030001,0.009987473575219674,443,22.17,0.08389720342805584,458,21.76,0.018841911764705843,416,23.610001,-0.07835666758336857,394,23.5,0.004680893617021287,374,23.48,0.0008517887563883608,353,23.719999,-0.010118002112900593,343,24.549999,-0.033808555348617264,351,24.620001,-0.0028432980161129384,278,24.110001,0.021153047650225965,365,23.01,0.04780534550195559,395,22.809999,0.008768128398427333,388,22.83,-0.0008760840998685016,393,23.85,-0.04276729559748438,373,24.32,-0.019325657894736836,398,24.940001,-0.024859702291110564,388,24.84,0.004025805152979123,395,25.25,-0.016237623762376252,417,25.209999,0.0015867116853118812,397,26.450001,-0.0468809812143296,360,26.475,-0.0009442492917847156,256,26.290001,0.007036857853295775,214,27.17,-0.03238862716231139,238,26.91,0.009661835748792313,273,26.209999,0.02670740277403283,283,25.889999,0.012359985027423193,331,25.77,0.0046565386107877416,277,25.26,0.020190023752969077,314,25.799999,-0.02093019460969736,338,25.700001,0.0038909726112461573,386,23.1,0.11255415584415585,330,24.530000686645508,-0.05829600251545031,317,25.149999618530273,-0.02465204771371765,302,25.649999618530273,-0.01949317738791423,,,
356,TLN,Talen Energy Corporation - Common Stock,,356,354.070007,,393,356.920013,-0.007984999148814897,354,362.73999,-0.01604448685131188,420,358.399994,0.012109364042009352,394,365.070007,-0.018270503936522964,404,357.880005,0.02009053844737707,391,343.190002,0.04280428600597741,378,347.709991,-0.012999307230145196,367,338.309998,0.027785146923148263,392,329.839996,0.02567912352266699,425,340.0,-0.029882364705882347,373,344.48999,-0.01303373140101971,365,334.100006,0.03109842506258431,399,332.540009,0.0046911558242004325,422,316.190002,0.0517094370365323,429,326.049988,-0.030240718794321775,410,347.070007,-0.060564204846430325,383,359.899994,-0.03564875580409155,379,379.269989,-0.05107178411630142,389,377.410004,0.00492828748651819,400,366.140015,0.030780544431888934,403,360.320007,0.01615233094730706,357,372.369995,-0.0323602550200105,334,368.290009,0.011078188113433196,140,400.119995,-0.07955110066418958,104,396.950012,0.00798584936180835,110,396.350006,0.001513828663850303,225,385.799988,0.027345822519828644,263,384.440002,0.0035375767165872762,286,367.880005,0.04501466993293102,359,366.660004,0.003327335915263907,350,377.790009,-0.02946082409500661,374,364.670013,0.035977721041735355,385,360.790009,0.010754189149400739,352,384.26001,-0.061078437488199744,208,399.339996,-0.037762273128284285,186,404.089996,-0.011754807213787077,162,416.799988,-0.030494223526705055,140,405.8900146484375,0.026879136211320542,99,411.9200134277344,-0.014638759491396591,62,438.1199951171875,-0.0598009273692246,,,
357,BRKR,Bruker Corporation - Common Stock,,357,57.474998,,451,57.669998,-0.0033813075561404116,461,57.700001,-0.0005199826599656676,434,57.93,-0.003970291731399955,426,59.27,-0.02260840222709637,424,57.02,0.03945983865310421,407,56.32,0.012428977272727293,430,53.41,0.054484178992697974,432,51.27,0.041739808855080884,434,52.470001,-0.022870230172093997,465,50.299999,0.043141193700620306,259,64.309998,-0.21785102527914857,264,62.84,0.023392711648631215,236,64.339996,-0.02331358553394991,270,61.740002,0.04211198438250774,305,62.91,-0.01859796534732161,353,60.049999,0.04762699496464595,285,60.450001,-0.006617071850834266,167,62.150002,-0.027353193005528742,272,59.740002,0.0403414783949958,284,60.43,-0.01141813668707603,315,56.169998,0.07584123467478143,286,58.23,-0.03537698780697229,237,59.25,-0.017215189873417747,184,58.66,0.010057961131946902,197,59.830002,-0.019555439760807647,222,58.970001,0.014583703330783404,249,60.060001,-0.01814851784634497,226,60.580002,-0.008583707210838343,271,57.209999,0.05890583916982761,314,58.25,-0.01785409442060082,328,61.34,-0.0503749592435605,221,61.639999,-0.004866953356050474,262,60.639999,0.016490765443449407,291,60.18,0.0076437188434697045,197,59.709999,0.007871395208028709,72,60.91,-0.019701214907240083,48,60.889999,0.00032847758792042825,58,58.439998626708984,0.04192334089533434,86,55.11000061035156,0.06042456794729523,84,56.529998779296875,-0.025119370690241838,,,
358,SNY,Sanofi - American Depositary Shares,,358,44.880001,,403,44.41,0.010583224498986743,396,43.720001,0.015782227452373343,373,43.779999,-0.0013704431560173091,349,43.709999,0.0016014642324744255,374,43.560001,0.0034434801780651725,347,43.48,0.0018399494020240326,353,43.459999,0.0004602163014313376,343,42.889999,0.013289811454647138,329,42.779999,0.002571295057767653,305,42.68,0.0023429943767572237,289,42.950001,-0.0062864026475808465,220,43.080002,-0.003017664669560549,263,42.889999,0.0044300070979250705,266,44.849998,-0.04370120596214955,262,45.540001,-0.015151580694958589,280,44.0,0.03500002272727265,237,43.349998,0.014994279815191636,244,43.360001,-0.00023069648914442187,247,43.790001,-0.009819593290258166,290,43.75,0.0009143085714284904,294,43.98,-0.005229649840836625,305,44.66,-0.015226153157187672,263,44.209999,0.010178715453035725,297,43.68,0.012133676739926713,308,43.18,0.011579434923575826,281,44.0,-0.018636363636363673,322,43.5,0.011494252873563315,298,43.900002,-0.009111662455049574,351,42.779999,0.026180528896225574,305,42.98,-0.004653350395532829,285,42.610001,0.008683383978329351,271,43.16,-0.012743257645968509,320,41.630001,0.036752317157042524,289,42.66,-0.02414437412095627,237,43.43,-0.01772967994473873,231,42.950001,0.011175762254347799,267,41.799999,0.027512010227560113,262,41.33000183105469,0.011371811692629574,308,41.599998474121094,-0.006490288773571606,350,41.779998779296875,-0.004308305512405575,,,
359,CCEP,Coca-Cola Europacific Partners plc - Ordinary Shares,,359,107.300003,,380,105.57,0.016387259638154905,360,107.639999,-0.019230760119200774,338,107.480003,0.0014886117932095821,357,107.080002,0.00373553411028138,367,106.510002,0.005351610076957725,338,106.029999,0.004527048991106675,297,108.290001,-0.02086990469230854,290,108.25,0.00036952424942260365,288,108.580002,-0.0030392521083209,302,106.129997,0.023084943646987766,258,108.190002,-0.019040622626109283,232,109.459999,-0.01160238453866591,154,111.709999,-0.020141437831361908,185,111.099998,0.005490558154645386,205,111.449997,-0.0031404128256727892,216,108.699997,0.02529898873870251,224,105.110001,0.03415465670103068,235,103.620003,0.014379443706443507,204,105.879997,-0.021344862712831425,232,105.190002,0.006559511235677995,227,106.139999,-0.008950414631151427,262,105.18,0.009127200988781059,191,106.050003,-0.008203705567080388,217,104.489998,0.014929706477743387,185,105.5,-0.009573478672985747,195,106.0,-0.004716981132075526,178,105.839996,0.0015117536474584803,175,105.089996,0.007136740208839587,152,105.43,-0.003224926491511071,112,106.5,-0.010046948356807417,126,106.970001,-0.0043937645658244096,116,106.610001,0.0033767938900965966,113,106.099998,0.004806814416716598,182,100.07,0.06025779954032173,184,101.379997,-0.012921651595629968,200,101.589996,-0.0020671228296927913,207,99.599998,0.019979899999596373,234,98.80000305175781,0.008097115138751443,249,97.7699966430664,0.010534990606576367,271,96.9800033569336,0.00814594736607721,,,
360,HBAN,Huntington Bancshares,Financials,360,17.700001,,368,17.950001,-0.013927575825761762,377,17.91,0.0022334450027916564,346,17.77,0.007878446820483997,303,17.860001,-0.005039249437892024,303,17.77,0.005064772087788549,305,17.6,0.009659090909090784,289,17.549999,0.002849059991399505,295,17.360001,0.010944584623007847,311,17.6,-0.013636306818181843,297,17.559999,0.00227796140535097,294,17.360001,0.011520621456185376,303,17.040001,0.018779341620930756,266,17.08,-0.002341861826697822,259,16.84,0.014251781472683911,246,17.299999,-0.026589539109221905,264,17.16,0.008158449883449936,210,17.360001,-0.011520794267235401,211,17.4,-0.00229879310344816,165,18.27,-0.04761904761904767,175,18.17,0.005503577325261411,194,18.059999,0.006090864124632667,213,18.25,-0.010411013698630067,174,18.559999,-0.016702533227507255,239,18.120001,0.024282448991034933,239,17.85,0.015126106442576948,216,17.93,-0.004461795872838681,224,17.870001,0.003357526392975707,225,17.76,0.006193749999999776,228,17.459999,0.017182188842049806,202,18.01,-0.0305386451971128,178,17.889999,0.006707714181538149,207,17.860001,0.0016796191668746463,161,18.110001,-0.013804527122886379,218,17.73,0.02143265651438231,183,17.82,-0.005050505050505083,166,17.790001,0.0016862843346663325,159,17.9,-0.006145195530726122,169,17.579999923706055,0.018202502844141044,179,17.399999618530273,0.010344827586206806,217,17.049999237060547,0.020527919092546476,,,
361,CPB,The Campbell's Company - Common Stock,,361,22.834999,,385,22.68,0.006834171075837725,380,23.17,-0.02114803625377648,323,23.280001,-0.004725128663009781,367,22.6,0.03008853982300863,361,22.719999,-0.005281646359227343,350,22.42,0.013380865298840305,280,23.049999,-0.02733184500355068,341,22.559999,0.021719859118787932,362,23.049999,-0.021258135412500434,350,22.76,0.012741608084358536,359,22.370001,0.017434017995797246,357,21.98,0.017743448589626842,328,22.08,-0.00452898550724623,315,22.959999,-0.03832748424771282,336,22.809999,0.006576063418503475,346,22.370001,0.019669109536472718,352,21.84,0.024267445054944936,327,21.41,0.02008407286314795,262,21.879999,-0.021480759665482685,293,22.34,-0.020590913160250635,301,22.09,0.011317338162064372,318,22.08,0.00045289855072461194,272,22.65,-0.025165562913907258,347,21.889999,0.034719097063458104,328,22.1,-0.009502307692307754,360,22.15,-0.0022573363431149795,314,22.07,0.0036248300860897142,323,21.469999,0.027946019000746114,296,21.99,-0.023647157798999396,233,22.9,-0.03973799126637556,228,22.66,0.010591350397175514,197,23.32,-0.028301886792452824,190,23.469999,-0.006391095287221815,247,22.27,0.05388410417602163,180,23.01,-0.03215993046501531,161,22.73,0.012318521777386682,99,22.35,0.017002237136465315,116,22.239999771118164,0.004946043165467762,137,21.209999084472656,0.04856204849420309,203,20.399999618530273,0.03970583333333333,,,
362,MAR,Marriott International,Consumer Discretionary,362,358.48999,,371,356.570007,0.0053845891754995545,375,356.720001,-0.0004204810483841026,358,352.529999,0.011885518996640254,322,354.579987,-0.005781454326693414,332,349.48999,0.014564070919456107,345,348.440002,0.003013396837255211,294,353.910004,-0.015455912345444855,274,359.670013,-0.016014704567544724,295,361.309998,-0.004538997008325274,341,345.200012,0.04666855573573958,309,346.829987,-0.004699636885780567,216,372.829987,-0.06973687982882126,238,375.480011,-0.007057696607982611,239,381.119995,-0.014798446877603566,261,383.519989,-0.00625780681277599,285,383.059998,0.0012008327739823077,311,374.429993,0.02304838063546888,340,364.470001,0.027327330020777252,319,369.799988,-0.014413161635905669,356,367.809998,0.00541037495125396,347,366.929993,0.002398291272962094,346,366.23999,0.0018840187277202602,350,371.140015,-0.01320263189621318,373,369.049988,0.005663262614711284,378,363.190002,0.016134766837551773,376,362.869995,0.000881877819630672,355,376.109985,-0.03520244217924706,361,372.470001,0.00977255615278394,361,371.160004,0.0035294670381564863,290,380.75,-0.02518712015758373,288,379.75,0.0026333113890717463,284,372.950012,0.018232974342953012,322,368.320007,0.012570604126862062,313,370.589996,-0.006125338040695594,319,374.880005,-0.011443685826882155,303,377.309998,-0.006440309063848404,257,378.910004,-0.004222654411626503,228,383.55999755859375,-0.012123250662859797,219,386.8299865722656,-0.008453297598151277,246,384.19000244140625,0.006871560910635122,,,
363,POET,POET Technologies Inc. - Common Shares,,363,8.585,,162,9.4,-0.08670212765957441,184,9.58,-0.018789144050104345,381,8.91,0.07519640852974185,423,8.87,0.004509582863585271,381,8.59,0.03259604190919663,388,8.56,0.003504672897196137,386,8.91,-0.03928170594837255,445,8.53,0.04454865181711609,430,8.09,0.05438813349814575,435,8.57,-0.05600933488914828,485,7.36,0.16440217391304346,502,6.99,0.05293276108726763,500,7.28,-0.039835164835164805,497,6.37,0.1428571428571428,502,6.76,-0.0576923076923076,507,7.09,-0.046544428772919644,504,6.89,0.029027576197387495,500,7.6,-0.09342105263157896,501,7.65,-0.0065359477124183885,504,8.37,-0.08602150537634401,504,7.47,0.12048192771084332,508,7.39,0.010825439783491264,501,7.67,-0.036505867014341664,506,8.27,-0.07255139056831916,489,8.81,-0.06129398410896714,505,8.0,0.10125000000000006,497,8.31,-0.03730445246690739,505,8.7,-0.04482758620689642,507,8.51,0.02232667450058745,505,8.27,0.0290205562273278,505,8.95,-0.07597765363128484,506,8.76,0.02168949771689488,504,9.7,-0.09690721649484535,479,10.28,-0.05642023346303504,500,9.85,0.04365482233502527,501,9.44,0.04343220338983045,496,10.13,-0.06811451135241864,499,10.65999984741211,-0.04971857410881797,500,10.729999542236328,-0.006523765144454852,492,12.09000015258789,-0.1124896608767576,,,
364,ILMN,"Illumina, Inc. - Common Stock",,364,189.229996,,372,193.134995,-0.02024439795093913,398,190.889999,0.011760678986645123,353,192.639999,-0.009084302372738273,348,192.910004,-0.00139964229123124,326,192.839996,0.00036303672190474146,306,191.789993,0.005474753836609114,339,187.960007,0.02037660064568958,256,193.720001,-0.02973360504989886,247,199.869995,-0.030769971250562134,235,203.009995,-0.015467218744574684,208,198.160004,0.02447512566663068,141,205.100006,-0.03383716136995152,117,205.089996,4.880784141225725e-05,228,194.820007,0.05271526861201692,226,192.979996,0.009534724003207096,265,189.470001,0.01852533372816101,185,194.089996,-0.023803364909132263,106,196.860001,-0.014070938666712718,124,190.869995,0.031382648697612314,130,192.529999,-0.00862205375069891,154,184.679993,0.04250599034839686,171,186.649994,-0.010554519492778525,97,190.25,-0.01892250197109069,88,187.149994,0.016564285863669426,96,191.199997,-0.02118202439093142,99,190.050003,0.006051007534054076,86,190.199997,-0.0007886119998203878,84,193.759995,-0.018373235403933652,115,187.809998,0.03168093851957754,127,191.759995,-0.020598649890452903,149,194.330002,-0.013224962556219189,132,188.679993,0.029944929031240797,167,183.889999,0.026048148491207623,196,175.830002,0.04583971397554776,133,181.100006,-0.02909996590502595,102,176.550003,0.025771752606540632,65,177.649994,-0.00619190001211023,73,175.08999633789062,0.014621040941710683,133,164.92999267578125,0.06160191251569391,154,161.3800048828125,0.02199769420009612,,,
365,BPOP,"Popular, Inc. - Common Stock",,365,175.009995,,369,177.490005,-0.010739974885761616,363,177.869995,-0.00539714975535921,343,177.029999,0.00474493591337577,329,176.179993,0.0048246454408702455,331,174.839996,0.007664133096868753,336,173.960007,0.005058570732294987,329,174.039993,-0.00045958402216217387,285,176.139999,-0.011922368638142111,275,177.520004,-0.00777379996003158,289,175.789993,0.009841350866883536,270,173.649994,0.01232363417185045,256,175.210007,-0.008903675233572717,233,175.130005,0.00045681492443283567,248,172.220001,0.016897015347247635,252,174.160004,-0.011139199330748695,290,171.410004,0.0160434043277895,258,171.729996,-0.001863343664201822,258,170.880005,0.004974198122243756,239,173.889999,-0.017309759142617342,246,172.270004,0.009403813562342433,241,172.119995,0.0008715373248762148,246,171.75,0.0021542649199417507,159,173.860001,-0.012136207223420015,169,171.009995,0.016665727637732664,181,169.0,0.011893461538461603,174,168.710007,0.001718884405001564,159,170.559998,-0.010846570249139043,176,169.389999,0.006907131512528197,208,166.270004,0.01876462936754364,184,167.960007,-0.010061936946692218,153,168.690002,-0.004327434888524162,172,167.259995,0.008549605660337356,134,168.5,-0.00735908011869435,168,164.179993,0.02631262750754293,165,164.850006,-0.004064379591226741,156,165.789993,-0.0056697450973413055,154,167.190002,-0.008373760292197274,156,165.64999389648438,0.009296758561911034,149,165.05999755859375,0.0035744335826297657,190,162.72999572753906,0.014318208426675083,,,
366,FTAI,FTAI Aviation Ltd. - Common Stock,,366,213.059998,,287,227.429993,-0.06318425644061809,384,217.130005,0.04743696293840172,412,216.149994,0.00453393951979475,319,226.660004,-0.04636905415390358,351,225.600006,0.004698572570073223,415,215.0,0.049302353488372086,408,216.240005,-0.005734392209249095,349,221.229996,-0.022555670976914022,360,223.729996,-0.011174183366990276,382,221.960007,0.007974359993600189,369,225.149994,-0.0141682748612465,423,206.0,0.09296113592233013,439,197.5,0.04303797468354431,431,197.369995,0.000658686747192716,430,212.470001,-0.07106888468457251,447,214.149994,-0.007844936012466053,454,215.979996,-0.008473016176924086,451,216.809998,-0.0038282459649301437,434,222.490005,-0.025529268157461704,467,210.25,0.05821643281807365,473,199.710007,0.05277648906196286,458,207.460007,-0.037356597601965746,433,203.699997,0.01845856679124047,419,213.800003,-0.047240439000368006,438,206.220001,0.03675687112425141,416,209.880005,-0.017438554949529395,395,227.350006,-0.07684187613348903,379,228.020004,-0.002938329919510041,423,216.100006,0.05515963752448938,408,227.550003,-0.05031859744690925,383,241.539993,-0.05791997352587486,345,248.059998,-0.026283983925533994,323,261.829987,-0.05259133668291405,345,270.529999,-0.03215913958584671,370,263.619995,0.026211987448068852,329,260.079987,0.013611227995024455,322,268.399994,-0.030998536460473902,299,272.1400146484375,-0.013743002843591423,322,262.0899963378906,0.03834567955047019,173,272.04998779296875,-0.03661088931935552,,,
367,ICLR,ICON plc - Ordinary Shares,,367,170.014999,,411,169.449997,0.003334328769566186,435,163.149994,0.03861479149058389,411,167.479996,-0.025853845852730983,392,167.169998,0.0018543877711836299,392,165.580002,0.009602584737255837,373,166.050003,-0.0028304787203164983,374,164.509995,0.009361181975599653,368,161.169998,0.020723441344213445,366,163.509995,-0.014311033401964268,387,156.850006,0.04246087819722488,354,158.410004,-0.009847850265820246,332,163.565002,-0.03154614403116107,326,165.529999,-0.011870941894949305,249,178.179993,-0.07099559151963819,244,180.240005,-0.011429271764611837,287,168.779999,0.06789907612216539,267,165.759995,0.018219136649949785,107,170.320007,-0.026773202281514696,128,167.279999,0.01817317084034653,195,166.619995,0.003961133236140224,170,166.179993,0.002647743522290247,148,170.0,-0.022470629411764698,116,170.0,0.0,96,172.080002,-0.012087412690755306,164,167.970001,0.024468660924756414,154,166.100006,0.011258247636667607,207,167.720001,-0.009658925532679885,213,168.770004,-0.006221502489269337,201,165.470001,0.019943210129067523,199,168.720001,-0.019262683622198407,125,170.940002,-0.012987018685070573,83,173.059998,-0.012250063703340697,68,175.050003,-0.011368208888291154,60,173.710007,0.007713982764389726,62,172.990005,0.004162101735299739,25,169.860001,0.018426963273125097,28,160.960007,0.05529320087566858,30,158.1699981689453,0.017639306033246482,89,142.6699981689453,0.10864232296407539,117,140.72999572753906,0.013785277162943865,,,
368,CZR,"Caesars Entertainment, Inc. - Common Stock",,368,29.620001,,388,29.66,-0.0013485839514497666,383,29.75,-0.0030252100840335583,387,29.66,0.0030343897505056283,376,29.629999,0.0010125211276583723,389,29.74,-0.0036987558843307733,361,30.07,-0.0109743930828069,349,30.15,-0.002653399668325007,357,30.049999,0.003327820410243598,381,30.1,-0.0016611627906977233,363,30.120001,-0.0006640438026545015,355,29.73,0.013118096199125295,343,29.75,-0.0006722689075630006,341,29.610001,0.004728098455653473,329,29.77,-0.005374504534766511,353,29.950001,-0.00601004988280307,364,29.969999,-0.0006672672895318144,338,29.940001,0.0010019371742839844,325,29.9,0.0013378260869565395,324,29.940001,-0.001336038699531139,321,30.030001,-0.0029970028972027274,326,29.799999,0.007718188178462704,316,29.860001,-0.0020094440050421047,282,29.91,-0.0016716482781677922,276,30.129999,-0.0073016597179442755,282,29.85,0.009380201005025235,308,29.66,0.006405933917734474,302,29.84,-0.0060321715817693855,317,29.77,0.0023513604299629787,299,29.82,-0.0016767270288396974,268,30.35,-0.017462932454695212,299,30.139999,0.006967518479346957,280,30.389999,-0.008226390530647887,257,30.41,-0.0006577112791844586,273,30.18,0.007620941020543448,281,29.82,0.012072434607645954,239,30.190001,-0.012255746530117628,219,30.41,-0.007234429463992109,265,29.600000381469727,0.02736486486486478,255,29.43000030517578,0.005776418620455415,263,29.290000915527344,0.004779754019127447,,,
369,ASND,Ascendis Pharma A/S - Ordinary Share,,369,251.011002,,424,247.399994,0.014595828971604607,424,248.5,-0.004426583501006109,437,246.229996,0.009219039259538375,404,255.460007,-0.03613094318908394,408,254.570007,0.0034960913521913106,394,255.619995,-0.004107612943189287,393,255.410004,0.0008221721808516769,419,249.850006,0.022253343472002918,417,244.199997,0.023136810276046083,409,244.589996,-0.001594501027752604,404,243.449997,0.004682682333325472,377,243.910004,-0.0018859702039937254,357,251.070007,-0.028517954356850006,347,252.050003,-0.0038881015208716008,356,254.440002,-0.009393173169366609,367,253.419998,0.004024954652552815,256,253.860001,-0.0017332506037452955,265,252.660004,0.004749453736255127,215,251.929993,0.0028976740375648014,224,255.199997,-0.012813495448434464,261,251.759995,0.013663815015566572,192,261.0,-0.0354023180076628,89,259.799988,0.004618984047066288,58,268.570007,-0.032654498906871554,58,265.570007,0.011296456380332165,56,265.220001,0.0013196817686458306,55,270.450012,-0.019338179951716827,51,275.429993,-0.018080750559362646,52,277.179993,-0.00631358699832274,91,266.970001,0.03824396734373159,91,267.920013,-0.003545879194922108,53,274.5,-0.02397080874316948,56,267.790009,0.02505691315765257,65,266.720001,0.004011727639428031,109,263.700012,0.01145236580421538,111,260.75,0.01131356471716205,152,261.579987,-0.0031729759203635854,341,238.00999450683594,0.09902942101234036,333,238.58999633789062,-0.002430952721085622,372,228.0,0.04644735087719298,,,
370,CAMT,Camtek Ltd. - Ordinary Shares,,370,156.800003,,269,171.800003,-0.08731082501785525,303,165.380005,0.03881967472428127,223,172.809998,-0.04299515702789369,227,174.199997,-0.007979328495625548,183,164.410004,0.05954621228523305,279,158.100006,0.039911434285460956,320,155.350006,0.017701962624964374,325,149.669998,0.03795021097013729,268,147.600006,0.014024335473265426,311,151.619995,-0.02651358087698119,368,139.789993,0.08462695895549532,422,132.460007,0.055337351748743435,421,137.229996,-0.03475908430398855,428,126.970001,0.08080644970617912,411,140.059998,-0.09345992565271932,418,151.460007,-0.07526745327563589,429,147.789993,0.024832628552868163,428,155.190002,-0.04768354213952508,448,156.789993,-0.010204675498646232,456,156.149994,0.004098616872185268,436,147.089996,0.061594929950232524,450,146.149994,0.006431762152518505,443,147.919998,-0.011965954731827377,472,147.309998,0.004140927352398682,453,149.899994,-0.017278159464102383,480,136.779999,0.09592042035327109,458,143.789993,-0.04875161236011749,467,145.360001,-0.010800825462294772,470,140.050003,0.03791501525351637,,,,471,141.839996,-0.0604907024955077,,,,,,,,,,,,,458,156.455093,0.023419242626728787,388,168.059998,-0.08532665221143232,379,166.89999389648438,0.0069502938388363855,324,169.38999938964844,-0.01469983478776693,146,195.72000122070312,-0.13452892839500863,,,
371,NXST,"Nexstar Media Group, Inc. - Common Stock",,371,185.160004,,381,184.800003,0.0019480573276828839,353,189.570007,-0.025162229381570866,333,188.649994,0.004876824962952275,286,185.375,0.01895859900053254,277,184.559998,0.0031426149018487504,,,,,,,,,,,,,,,,,,,,,,,,,,,,129,193.770004,0.016359590930286494,113,187.169998,0.042895591341836514,,,,,,,,,,,,,,,,322,184.574997,0.004028033159892086,181,185.259995,-0.008366555337540715,205,183.199997,0.01124453075182097,291,175.559998,0.043517880422851096,295,175.460007,0.0005698791520054591,345,174.050003,0.008101143209977346,316,176.639999,-0.014662568017790756,320,176.199997,0.0024971737088053114,255,179.419998,-0.01794672297343347,244,182.779999,-0.018382760796491815,247,181.089996,0.00933239293903343,251,181.369995,-0.001543800009477736,239,178.589996,0.015566375845598834,335,170.729996,0.04603760431178139,378,164.0,0.041036560975609815,427,154.699997,0.06011637479217269,392,167.97000122070312,-0.07900222611774588,408,167.00999450683594,0.005748194890970337,,,,,,
372,JBHT,J.B. Hunt,Industrials,372,277.019989,,366,283.369995,-0.022408886304282172,402,279.709991,0.01308499559459797,293,282.320007,-0.00924488500738796,351,275.959991,0.023046877110530106,399,265.380005,0.03986730650638126,369,266.140015,-0.0028556773020397275,366,268.519989,-0.008863302910384063,345,267.25,0.0047520636108513425,307,272.660004,-0.019841575297563696,292,274.480011,-0.006630745143769268,333,266.910004,0.028361645822762016,306,271.75,-0.017810472861085502,324,269.209991,0.009435047304763744,297,276.140015,-0.025096051363653338,285,277.619995,-0.00533095607901013,249,280.959991,-0.011887799355745243,162,288.299988,-0.025459581358012295,154,289.369995,-0.0036977123353788555,150,292.23999,-0.009820678545738981,139,293.26001,-0.0034782103431014733,138,290.609985,0.009118836711684342,183,291.410004,-0.002745338145632159,168,298.410004,-0.02345765861120397,321,276.279999,0.08009991704104524,310,280.869995,-0.016342066015275325,279,283.0,-0.007526519434628898,339,279.959991,0.010858726595686985,344,282.609985,-0.00937685906603758,347,276.450012,0.022282411765639498,320,275.0,0.005272770909090951,324,277.73999,-0.009865306036771937,255,285.829987,-0.02830352785902779,256,290.070007,-0.014617229970970258,253,289.429993,0.0022112912119649497,248,287.890015,0.005349188647616021,256,280.299988,0.02707822805900384,255,274.679993,0.02046015415472935,233,269.05999755859375,0.02088751595099625,223,269.239990234375,-0.0006685188184710755,235,273.4800109863281,-0.015503952133452348,,,
373,CVLT,COMMVAULT SYSTEMS,Information Technology,373,143.580002,,394,144.320007,-0.005127528853293373,366,147.085007,-0.018831933342360108,292,151.100006,-0.02657179907722851,383,141.740005,0.0660364094103143,394,139.429993,0.016567540098779254,374,139.429993,0.0,389,135.270004,0.03075322597018615,386,133.360001,0.014322157960991566,416,133.169998,0.0014267703150376843,393,132.100006,0.008099863371694216,433,124.93,0.057392187625070035,415,117.800003,0.06052628878116417,407,116.419998,0.011853676547907144,392,120.309998,-0.032333139927406385,408,120.019997,0.002416272348348736,154,149.460007,-0.1969758371548851,170,142.309998,0.050242492449476206,134,141.139999,0.00828963446428821,159,140.240005,0.006417526867600998,159,146.490005,-0.04266502687333518,128,146.720001,-0.0015675845040377112,103,147.809998,-0.00737431171604519,75,149.770004,-0.013086772702496474,105,146.130005,0.02490931961577636,84,148.630005,-0.01682029143442465,94,148.649994,-0.00013447023751633758,67,150.570007,-0.012751629878054116,91,151.429993,-0.0056790995163025215,90,146.919998,0.0306969443329288,63,153.720001,-0.04423629297270171,89,150.050003,0.02445850001082639,94,149.979996,0.00046677558252494755,106,147.020004,0.020133260233076822,118,141.729996,0.037324547726650614,53,144.179993,-0.016992628096465512,48,140.039993,0.029562983482868344,75,133.940002,0.04554271247509778,72,130.75999450683594,0.02431941818290828,94,125.2300033569336,0.04415868296353875,107,126.01000213623047,-0.006189976887707727,,,
374,PDD,PDD Holdings Inc. - American Depositary Shares,,374,86.544998,,364,86.940002,-0.004543409143238808,412,84.790001,0.025356775264102183,405,84.169998,0.0073660807262938555,320,89.035004,-0.054694552395613716,308,90.5,-0.01618780110497242,273,93.0,-0.026881720430107503,287,91.760002,0.01351349142298397,286,90.849998,0.010016554981101988,245,90.940002,-0.0009897074776841208,240,91.029999,-0.0009886521035773477,207,90.150002,0.009761475102352257,226,88.559998,0.017953975111878462,155,87.440002,0.012808737126972947,158,88.32,-0.009963745471014307,216,85.709999,0.030451534598664454,170,84.849998,0.010135545318457062,220,82.660004,0.02649399823401888,222,83.300003,-0.007683060947788922,253,83.589996,-0.003469230935242429,272,84.830002,-0.014617540619650038,254,86.050003,-0.014177814729419702,285,84.139999,0.022700309278586905,233,86.68,-0.02930319566220585,220,85.739998,0.010963401235442038,249,83.910004,0.02180900861356183,269,84.559998,-0.007686778800538696,262,85.129997,-0.006695630448571577,277,85.879997,-0.008733116280849385,305,84.739998,0.013452903314914,333,82.529999,0.02677812948961744,332,83.739998,-0.01444947490923032,364,82.389999,0.01638547173668492,347,82.519997,-0.0015753514872279828,391,76.279999,0.08180385529370549,372,76.540001,-0.003396942730638286,397,76.550003,-0.00013065969442227487,464,73.300003,0.04433833379242835,457,75.73999786376953,-0.032215408825334246,468,76.55999755859375,-0.010710554093797064,473,78.11000061035156,-0.01984384816484641,,,
375,PLUG,PLUG POWER,Industrials,375,2.145,,323,2.28,-0.05921052631578938,269,2.32,-0.017241379310344862,289,2.3,0.008695652173912993,334,2.29,0.004366812227074135,325,2.22,0.03153153153153143,399,2.11,0.05213270142180115,419,2.18,-0.03211009174311941,462,2.07,0.053140096618357724,466,2.1,-0.014285714285714457,467,2.16,-0.02777777777777779,466,2.08,0.03846153846153855,439,2.06,0.009708737864077666,434,2.09,-0.014354066985645786,,,,434,2.035,-0.030612244897959218,444,2.06,-0.04854368932038844,452,2.09,-0.014354066985645786,459,2.19,-0.045662100456621,443,2.23,-0.017937219730941756,446,2.27,-0.017621145374449365,437,2.13,0.06572769953051649,445,2.17,-0.018433179723502335,440,2.15,0.009302325581395321,461,2.21,-0.02714932126696834,472,2.27,-0.026431718061673992,484,2.17,0.04608294930875578,482,2.23,-0.026905829596412634,481,2.38,-0.06302521008403361,478,2.46,-0.0325203252032521,476,2.48,-0.008064516129032251,479,2.64,-0.06060606060606066,500,2.64,0.0,486,2.64,0.0,489,2.71,-0.02583025830258301,493,2.59,0.04633204633204646,494,2.54,0.019685039370078705,498,2.57,-0.011673151750972721,488,2.609999895095825,-0.01532567049808431,491,2.7100000381469727,-0.03690036900369009,489,2.7899999618530273,-0.028673835125448077,,,
376,TGTX,TG THERAPEUTICS,Health Care,376,49.965,,415,49.279999,0.013900182911935621,415,48.740002,0.011079133726748625,425,47.939999,0.01668758900057532,389,49.5,-0.031515171717171664,383,49.900002,-0.008016071823003124,389,49.16,0.015052929210740418,379,49.759998,-0.012057838105218655,360,49.549999,0.004238123193504029,368,49.880001,-0.006615918071052218,339,48.735001,0.023494408053875038,335,46.169998,0.05555562293938143,222,52.029999,-0.1126273517706583,246,53.529999,-0.028021670615013483,252,53.48,0.0009349102468212411,256,54.869999,-0.025332586574313698,192,55.75,-0.01578477130044842,166,56.040001,-0.005174892841275924,182,55.5,0.009729747747747597,278,52.68,0.05353075170842825,228,53.950001,-0.0235403332059253,178,53.959999,-0.00018528540002382687,135,54.869999,-0.01658465494048933,106,54.93,-0.001092317494993611,78,56.41,-0.026236482893103985,80,54.889999,0.027691765853375072,77,55.009998,-0.0021814034605127652,30,57.119999,-0.036939794064071996,10,59.060001,-0.03284798454371851,12,57.23,0.031976253713087655,7,58.060001,-0.014295573298388375,13,55.470001,0.04669190469277251,14,53.310001,0.04051772574530621,15,53.52,-0.003923748131539728,18,54.939999,-0.025846360135536206,17,55.720001,-0.013998599892343866,15,55.830002,-0.0019702847225403497,19,53.630001,0.041021834029054016,10,53.599998474121094,0.0005597574835729535,250,,-0.0063033186188973245,10,54.400001525878906,,,,
377,AGNC,AGNC Investment Corp. - Common Stock,,377,10.935,,414,10.95,-0.001369863013698569,425,10.96,-0.0009124087591242391,403,10.96,0.0,388,10.88,0.007352941176470562,372,10.89,-0.0009182736455463081,364,10.76,0.012081784386617223,344,10.84,-0.0073800738007380184,353,10.61,0.021677662582469504,364,10.67,-0.005623242736644829,353,10.64,0.0028195488721804995,311,10.64,0.0,276,10.66,-0.0018761726078798668,259,10.92,-0.023809523809523836,272,10.9,0.0018348623853210455,263,11.07,-0.015356820234869062,292,10.64,0.040413533834586346,253,10.59,0.0047214353163362865,250,10.56,0.0028409090909089496,240,10.72,-0.014925373134328401,259,10.78,-0.0055658627087197265,248,10.92,-0.012820512820512886,239,11.22,-0.02673796791443861,144,11.43,-0.01837270341207342,139,11.32,0.009717314487632356,170,11.18,0.012522361359570633,201,10.99,0.017288444040036266,199,11.13,-0.012578616352201255,193,11.07,0.005420054200542035,207,10.94,0.01188299817184646,188,11.12,-0.01618705035971224,172,11.17,-0.004476275738585556,181,11.0,0.015454545454545388,215,10.79,0.019462465245597915,225,10.9,-0.010091743119266194,225,11.0,-0.009090909090909038,240,10.9,0.00917431192660545,282,10.62,0.026365348399246757,266,10.489999771118164,0.012392755004766443,281,10.4399995803833,0.004789272030651492,316,10.380000114440918,0.005780346820809079,,,
378,TCOM,Trip.com Group Limited - American Depositary Shares,,378,44.529999,,342,44.849998,-0.007134872113037871,370,44.98,-0.0028902178746108564,335,45.02,-0.0008884940026656629,299,45.580002,-0.012286133730314397,285,46.200001,-0.013419891484417912,261,47.119999,-0.01952457596614121,228,46.139999,0.021239705705238476,216,46.240002,-0.00216269454313589,183,45.959999,0.006092319540737856,146,46.84,-0.018787382578992262,109,47.299999,-0.00972513762632421,112,47.009998,0.006168921768513913,93,46.48,0.011402710843373631,122,46.0,0.01043478260869568,184,45.310001,0.015228403989662187,195,44.77,0.01206167076167075,368,43.639999,0.02589369903514438,375,43.02,0.014411878196187722,376,42.580002,0.010333442445587648,348,43.650002,-0.024513171843611792,360,44.189999,-0.012219891654670523,378,42.450001,0.04098935121344294,361,43.75,-0.029714262857142848,376,42.869999,0.0205271989859388,401,42.41,0.01084647488799817,417,42.360001,0.0011803351940431472,409,42.799999,-0.01028032734299833,419,41.43,0.033067801110306494,421,41.380001,0.0012082889993163537,405,40.810001,0.013967164568312596,405,40.98,-0.004148340653977511,401,41.0,-0.00048780487804889194,381,41.080002,-0.0019474682596168913,388,39.84,0.031124548192771107,381,39.959999,-0.0030029780531275474,373,40.889999,-0.02274394773157118,370,40.490002,0.0098789078844701,272,46.29999923706055,-0.12548589903857243,336,45.5,0.017582395604395673,349,46.41999816894531,-0.019819001284748006,,,
379,MELI,"MercadoLibre, Inc. - Common Stock",,379,1810.51001,,383,1787.569946,0.012833100070479553,376,1844.579956,-0.030906770842087594,360,1828.25,0.00893201476822103,350,1828.290039,-2.189969815835635e-05,270,1940.0,-0.057582454123711324,331,1824.339966,0.0633982898777321,306,1820.689941,0.0020047482648226644,309,1830.0,-0.005087463934426162,273,1922.569946,-0.04814906536565622,294,1888.5,0.01804074450622184,233,1898.790039,-0.005419261102411976,225,1877.949951,0.011097254210051144,207,1885.72998,-0.004125738617148156,210,1863.310059,0.012032308252568846,224,1862.52002,0.0004241774539421872,208,1819.73999,0.023508869528113152,234,1801.439941,0.010158567367969829,178,1798.699951,0.0015233168814379194,188,1799.209961,-0.0002834633039250356,217,1822.650024,-0.012860429973582277,202,1832.420044,-0.005331757875051912,242,1813.910034,0.010204480736667021,112,1857.420044,-0.02342497064169724,91,1842.5,0.00772036711109636,93,1873.880005,-0.016746005569337363,112,1867.300049,0.0035237807675974064,153,1852.219971,0.008141623692707656,194,1807.829956,0.02455430880137488,173,1809.380005,-0.0008566741069960804,187,1813.609985,-0.0023323537226775937,206,1805.680054,0.004391658966622192,254,1763.359985,0.02399967639052436,316,1742.189941,0.012151398364663057,322,1697.390015,0.026393419075226632,318,1683.130005,0.008472316432859284,313,1675.099976,0.004793761038176969,320,1619.25,0.03449126200401409,314,1659.5699462890625,-0.024295418278200143,367,1583.6600341796875,0.047933211908030016,367,1589.449951171875,-0.003642717404443774,,,
380,SKHY,SK hynix Inc. - American Depositary Shares,,380,158.100006,,328,171.380005,-0.07748861368045823,344,166.330002,0.030361347557730456,453,165.669998,0.003983847455590661,485,154.410004,0.07292269741797308,467,141.649994,0.09008126043408082,486,135.289993,0.04701013621901784,422,137.910004,-0.018997976390458082,429,143.529999,-0.039155542668122045,437,151.029999,-0.04965900847287963,431,154.380005,-0.021699740196277406,407,142.720001,0.08169845794774067,388,143.729996,-0.007027030043192939,380,149.0,-0.035369154362416055,296,126.790001,0.17517153422847587,322,130.169998,-0.025966021755642887,323,143.020004,-0.08984761320521295,310,154.570007,-0.07472344230404293,312,169.5,-0.08808255457227132,,,,,,,,,,,,,,,,,,,,,,,,,,,,,,,,,,,,,,,,,,,,,,,,,,,,,,,,,,,,,,,,,,,,,
381,EWBC,"East West Bancorp, Inc. - Common Stock",,381,134.600006,,395,135.520004,-0.006788650921232153,395,136.600006,-0.0079063100480391,365,135.960007,0.004707259245728235,361,135.050003,0.006738274563385049,379,133.039993,0.015108314084171681,363,131.850006,0.009025308652621522,357,131.699997,0.0011390205270849219,328,131.880005,-0.0013649377705134969,344,133.25,-0.010281388367729738,333,133.399994,-0.0011243928541705417,301,132.149994,0.009458948594428307,305,131.0,0.008778580152671633,302,130.910004,0.0006874646493786329,304,130.279999,0.00483577682557379,309,131.309998,-0.00784402570777587,325,129.889999,0.010932319739258789,296,131.0,-0.008473290076336015,304,130.630005,0.0028323890824315523,288,131.600006,-0.007370827931421187,279,133.399994,-0.013493164025179638,293,133.919998,-0.003882945099805024,294,134.520004,-0.00446034777102744,232,136.139999,-0.011899478565443378,286,132.410004,0.028170039176194095,256,131.210007,0.009145621034834628,246,131.410004,-0.0015219313135398371,259,131.539993,-0.0009882089624257961,264,131.009995,0.004045477598865643,266,127.610001,0.026643632735337208,236,130.490005,-0.022070686563311903,202,131.610001,-0.008509961184484882,226,129.300003,0.017865413351924042,205,130.699997,-0.010711507514418628,234,129.089996,0.012471926949319867,241,129.089996,0.0,229,129.470001,-0.0029350814633883893,199,130.240005,-0.005912192647719916,167,130.69000244140625,-0.003443239674906451,163,130.88999938964844,-0.0015279777028648356,201,129.1300048828125,0.013629628528241566,,,
382,COLB,"Columbia Banking System, Inc. - Common Stock",,382,32.099998,,408,32.34,-0.007421212121212273,404,32.689999,-0.010706607852756345,366,32.439999,0.007706535379363055,374,32.25,0.005891441860465196,384,31.709999,0.0170293603604339,376,31.26,0.014395361484324853,368,31.24,0.000640204865557159,356,31.030001,0.0067676117702992755,367,31.35,-0.010207304625199476,347,31.780001,-0.013530553381669086,314,31.5,0.008888920634920527,326,31.27,0.007355292612727826,311,31.25,0.0006399999999999739,313,30.780001,0.015269622635814883,329,31.27,-0.015669939238887154,342,30.9,0.011974110032362484,298,31.15,-0.008025682182985605,260,32.259998,-0.034407875660748766,242,32.630001,-0.01133934994362995,231,32.849998,-0.006697017150503304,214,32.799999,0.0015243598025720395,232,33.240002,-0.013237153234828214,162,33.610001,-0.011008598303820394,225,32.57,0.03193125575683142,229,32.25,0.009922480620154994,234,31.98,0.008442776735459567,232,32.049999,-0.002184056230391751,228,31.82,0.007228126964173409,231,31.264999,0.017588743204349333,193,32.119999,-0.02661892984492309,164,32.240002,-0.0037221771884504706,196,31.719999,0.016393537717324547,166,32.509998,-0.024300186053533457,203,32.049999,0.014352543349533509,202,31.99,0.0018755548608939687,192,32.150002,-0.004976733749503359,203,32.07,0.0024946055503585196,207,31.530000686645508,0.0171265138875194,211,31.270000457763672,0.008314710585225482,243,30.8700008392334,0.012957531164317082,,,
383,FFIV,"F5, Inc.",Information Technology,383,393.915009,,387,395.540009,-0.004108307536596079,338,403.200012,-0.018998022748074717,339,416.0,-0.03076920192307686,342,422.950012,-0.016432230293919492,334,414.0,0.021618386473430062,340,409.98999,0.009780750988579001,350,400.230011,0.024385924922556645,293,413.070007,-0.031084309638583774,278,411.320007,0.00425459489015334,272,412.25,-0.0022558956943602437,219,406.350006,0.01451948791161084,252,402.570007,0.009389668714192112,277,388.75,0.03554985723472659,271,386.950012,0.004651732637754646,210,403.459991,-0.04092098192705307,184,407.959991,-0.011030493428950017,243,392.209991,0.04015705964002336,281,388.079987,0.010642146305781974,267,400.609985,-0.031277298293001854,230,408.73999,-0.01989040759138827,218,411.920013,-0.007720001212953909,234,409.100006,0.006893197161184972,86,403.410004,0.014104761764906604,65,421.470001,-0.042850017693192854,56,431.26001,-0.022700943219845504,80,420.950012,0.024492214529263423,77,430.390015,-0.02193360131740041,98,430.320007,0.0001626882293670473,108,419.140015,0.026673645082538666,125,417.109985,0.004866893800204775,123,419.029999,-0.004582044255976969,146,408.140015,0.026681980692336627,96,424.179993,-0.03781408426776045,99,415.959991,0.019761520766068186,100,410.559998,0.013152749966644395,132,394.529999,0.04063062134851769,151,386.01001,0.02207193797901752,147,384.7799987792969,0.0031966604376441055,117,389.5299987792969,-0.012194182764342143,133,391.2699890136719,-0.00444703158667259,,,
384,INOD,INNODATA,Industrials,384,62.400002,,344,64.300003,-0.029549003286982733,342,63.849998,0.00704784673603287,407,62.130001,0.027683839889202533,410,61.470001,0.010736944676477123,410,62.709999,-0.0197735292580693,383,62.224998,0.0077133054796723055,391,62.330002,-0.0016846461837110027,390,65.480003,-0.04810630506537994,294,69.370003,-0.05607611116868483,344,70.209999,-0.01196405087543162,388,65.709999,0.10986407239532303,,,,,,,,,,,,,,,,,,,,,,,,,,,,,,,,,,,,,498,65.309998,-0.06645226049463349,500,67.139999,-0.02725649429932242,501,68.120003,-0.014386435068125203,498,67.800003,0.004719763802960131,501,69.18,-0.019947918473547266,495,69.019997,0.0023182122131939487,491,69.660004,-0.009187582016216944,498,73.120003,-0.0473194592182935,496,68.879997,0.06155641963805536,497,72.230003,-0.0463797017978802,497,75.580002,-0.04432388080645988,482,76.639999,-0.013830858739964369,482,73.900002,0.037077089659618645,492,73.18,0.009838781087728732,480,81.55000305175781,-0.10263645238615127,480,87.02999877929688,-0.06296674782220779,465,90.68000030517578,-0.04025144464049413,,,
385,JD,"JD.com, Inc. - American Depositary Shares",,385,28.445,,354,28.5,-0.0019298245614034482,329,29.059999,-0.019270441131123306,312,29.299999,-0.008191126559424111,241,31.610001,-0.07307820078841509,244,31.92,-0.009711748120300845,165,33.470001,-0.046310156967130145,149,32.970001,0.015165301329532976,141,32.810001,0.00487656187514296,94,32.540001,0.008297479769592053,88,32.970001,-0.013042159143398457,55,33.02,-0.0015142035130224496,54,33.009998,0.0003029991095424567,54,32.310001,0.02166502563710848,56,32.200001,0.0034161489622313024,60,31.790001,0.012897137058913488,90,30.950001,0.027140548396105135,117,30.190001,0.025173897808085544,148,30.09,0.0033233964772350078,190,30.15,-0.0019900497512437276,207,30.43,-0.009201445941505182,225,30.6,-0.005555555555555647,282,29.620001,0.033085717991704344,229,29.68,-0.002021529649595677,247,29.280001,0.013661167566217047,244,28.84,0.015256622746185888,275,28.879999,-0.001385006973165126,333,28.200001,0.024113403400233935,353,27.74,0.016582588320115388,362,27.629999,0.003981216213579941,376,26.49,0.04303506983767469,382,26.780001,-0.010829013785324415,391,26.620001,0.0060105181814231745,393,26.309999,0.01178266863484101,405,25.48,0.032574529042386224,405,25.25,0.009108910891089117,419,25.389999,-0.0055139427142159025,432,25.190001,0.007939578882906861,443,25.479999542236328,-0.011381436420722202,454,26.1200008392334,-0.024502334437123463,462,27.020000457763672,-0.03330862324204298,,,
386,FER,Ferrovial N.V. - Ordinary Shares,,386,63.4799,,400,63.919998,-0.0068851378875199876,390,64.129997,-0.0032745830317130187,385,64.510002,-0.005890636927898374,339,65.940002,-0.021686380901232094,347,65.669998,0.004111527458855679,333,65.43,0.003668011615466815,312,66.510002,-0.01623818925760956,323,65.389999,0.017128047363940135,314,66.550003,-0.01743056270035026,317,66.519997,0.0004510824015822035,290,66.080002,0.0066585197742581315,286,65.099998,0.015053825347275618,315,65.120003,-0.0003072020742995729,339,62.540001,0.04125362901737084,380,61.77,0.012465614375910539,398,62.860001,-0.017340136536109774,385,63.25,-0.006165992094861683,399,63.299999,-0.0007898736301718001,391,64.120003,-0.012788583306834855,389,63.549999,0.008969378583310483,378,63.450001,0.0015760125835144745,384,63.59,-0.0022015883000472414,360,63.66,-0.001099591580270065,352,64.150002,-0.007638378561547143,355,63.720001,0.006748289285180675,312,63.700001,0.00031397173761438246,323,64.279999,-0.009022993295317305,334,64.559998,-0.0043370354503416975,341,64.32,0.0037313121890547585,295,65.849998,-0.023234594479410675,274,68.220001,-0.034740588760765245,274,67.720001,0.007383343068763315,290,67.260002,0.006839116656582878,296,68.610001,-0.01967641714507473,297,68.389999,0.0032168738589979373,302,68.360001,0.0004388238671910738,269,70.199997,-0.02621077035088759,247,69.52999877929688,0.009636099663973718,253,70.01000213623047,-0.006856206060385395,239,70.76000213623047,-0.01059920829284322,,,
387,BNTX,BioNTech SE - American Depositary Shares,,387,92.099998,,399,91.599998,0.005458515403024444,372,93.089996,-0.016005994886926445,368,92.120003,0.010529667481665284,324,92.739998,-0.006685303141800825,299,92.800003,-0.0006466055825451456,289,92.800003,0.0,278,93.669998,-0.0092878725160217,335,91.190002,0.027195920008862284,332,92.18,-0.010739835105228912,338,91.349998,0.00908595531660561,351,92.25,-0.009756119241192462,330,90.580002,0.01843671851541817,306,92.849998,-0.024447991910565348,323,92.949997,-0.0010758365059441166,325,92.449997,0.005408329001892698,328,91.089996,0.014930300359218274,342,89.330002,0.01970216008726844,311,92.059998,-0.029654530298816595,303,91.830002,0.002504584503874918,316,92.330002,-0.005415357837856405,324,92.160004,0.0018445962741060473,298,91.480003,0.007433329445780679,270,91.559998,-0.0008736894030949571,272,91.989998,-0.004674421234360793,276,90.400002,0.01758845093830863,243,90.07,0.0036638392361496575,,,,,,,,,,,,,,,,,,,,,,,,,,,,315,91.220001,0.033326035591690006,325,90.0,0.013555566666666685,326,90.20999908447266,-0.0023278905035792885,319,90.62000274658203,-0.004524431543000529,328,90.19000244140625,0.004767723588696482,,,
388,MTCH,"Match Group, Inc. - Common Stock",,388,38.634998,,429,37.220001,0.03801711343317793,434,37.950001,-0.01923583612026769,426,37.279999,0.017972157134446443,401,36.580002,0.01913605690890874,387,36.799999,-0.005978179510276571,365,36.73,0.0019057718486252817,352,37.259998,-0.014224316383484648,351,36.610001,0.017754629397579214,351,38.150002,-0.0403669965731589,214,41.240002,-0.07492725145842616,234,40.540001,0.017266921133030966,285,39.41,0.02867295102765799,287,39.310001,0.0025438564603443847,303,39.400002,-0.0022842892241478063,283,39.279999,0.003055066269222806,217,38.799999,0.012371134339462131,244,37.91,0.023476628857821202,270,37.400002,0.0136363094312133,244,38.029999,-0.016565790601256514,237,38.75,-0.018580670967742074,213,39.040001,-0.007428304113004436,249,39.150002,-0.0028097316572296416,115,40.290001,-0.028294836726362904,101,40.110001,0.0044876588260369665,154,38.34,0.04616591027647354,152,38.540001,-0.005189439408680663,146,38.849998,-0.007979331170107185,131,39.32,-0.0119532553407935,163,38.360001,0.025026042100468215,147,39.18,-0.020929019908116464,190,37.669998,0.04008500345553512,200,37.900002,-0.006068706803762147,229,38.25,-0.00915027450980388,206,38.049999,0.005256268206472292,193,38.73,-0.017557474825716457,232,37.169998,0.04196938616999657,305,34.939999,0.06382367097377428,293,35.34000015258789,-0.011318647425014206,298,35.310001373291016,0.0008495893273976485,334,35.2400016784668,0.0019863506250652474,,,
389,AFRM,"Affirm Holdings, Inc. - Class A Common Stock",,389,74.739998,,418,74.519997,0.002952241127975208,408,78.349998,-0.048883230348008344,413,78.32,0.00038301838610843575,455,73.400002,0.06702994367765802,422,76.705002,-0.043087150952684894,414,75.540001,0.01542230585885207,420,75.25,0.003853833887043301,400,76.580002,-0.017367484529446697,406,78.470001,-0.024085624772707814,415,78.120003,0.004480260964659699,402,75.629997,0.03292352371771212,407,71.510002,0.057614248143917024,376,73.25,-0.02375423890784978,389,70.110001,0.04478674875500288,385,72.400002,-0.03162984719254569,372,73.050003,-0.008898028382011147,390,70.230003,0.04015377872047088,329,71.209999,-0.013762056084286711,296,73.915001,-0.03659611666649387,317,74.720001,-0.010773554459668655,275,75.32,-0.00796599840679757,300,76.07,-0.009859340081503909,138,79.839996,-0.04721939114325613,56,81.709999,-0.022885852684932706,46,84.449997,-0.03244521133612355,42,81.93,0.030757927499084348,51,83.419998,-0.017861400572078634,75,83.779999,-0.004296980237490811,72,81.279999,0.030757874394166773,96,83.620003,-0.027983782779821165,57,85.779999,-0.025180648463285826,119,84.580002,0.014187715436563941,151,83.849998,0.008706070571402824,188,81.550003,0.02820349375094433,172,81.790001,-0.0029343195630967545,153,79.489998,0.02893449563302286,259,76.849998,0.034352635897271,160,77.66000366210938,-0.010430156557808101,310,71.83000183105469,0.08116388469542302,312,72.19999694824219,-0.005124584700467505,,,
390,SYM,Symbotic Inc. - Class A Common Stock,,390,40.740002,,377,42.349998,-0.03801643626996165,378,42.700001,-0.008196791377124368,441,41.799999,0.021531148840458147,443,41.189999,0.014809420121617345,415,41.689999,-0.011993284048771535,421,40.110001,0.039391622054559594,417,40.18,-0.0017421353907417503,420,39.599998,0.01464651589123811,201,46.52,-0.1487532674118659,271,47.459999,-0.019806131896462964,,,,,,,,,,,,,,,,,,,,,,,,,,,,,,,,,,373,41.25,-0.010181769696969711,284,42.205002,-0.017389232968079926,269,42.639999,-0.015478400925853841,262,43.66,-0.023362368300503755,264,42.43,0.028988922931887817,272,43.639999,-0.027726833815922003,350,43.150002,0.011355665754082755,369,41.689999,0.03502046138211701,394,41.32,0.008954477250725956,347,44.459999,-0.07062526024798166,393,42.740002,0.04024325969849052,359,44.959999,-0.04937715857155611,335,44.950001,0.00022242491162582922,414,42.139999,0.06668253599151708,463,41.240002,0.021823398553666662,460,40.77,0.011528133431444543,467,39.43000030517578,0.03398427593203146,485,38.56999969482422,0.02229712211563384,468,40.20000076293945,-0.04054728754857495,,,
391,NICE,NICE Ltd - American Depositary Shares each representing one Ordinary Share,,391,99.875,,409,97.900002,0.020173625737004652,355,102.260002,-0.04263641614245228,314,105.25,-0.028408532066508285,391,98.559998,0.06787745673452639,368,101.519997,-0.029156807402191065,292,102.565002,-0.01023694062591396,263,101.849998,0.007020167049978765,320,97.110001,0.04881059572844615,319,99.349998,-0.02254652284945191,253,103.290001,-0.038145057235501434,267,100.650002,0.026229497740099417,248,98.790001,0.018827826512523238,205,98.879997,-0.0009101537492967049,151,105.019997,-0.05846505594548812,196,101.410004,0.035597996820905475,214,95.010002,0.06736135001870647,,,,,,,,,,,,,,,,,,,,,,,,,,,,,,,,,,,,,,,,,,,,,,,,,,,,,,,,,,,,,,,,,,,,,,,,,,,
392,DUOL,"Duolingo, Inc. - Class A Common Stock",,392,139.720001,,456,130.160004,0.07344803861561044,414,132.830002,-0.020100865465619844,330,144.100006,-0.07820960118488818,362,134.630005,0.07034093922822038,376,135.440002,-0.0059804857356690055,267,137.190002,-0.012756031594780448,362,130.899994,0.048052011369840164,397,122.580002,0.06787397507139858,306,135.320007,-0.09414723870063069,254,137.75,-0.01764060254083477,209,135.800003,0.014359329579690883,165,134.809998,0.007343706065480404,132,133.600006,0.009056825940561675,99,140.169998,-0.04687159944170072,155,140.729996,-0.0039792369495982305,224,132.820007,0.0595541980358425,387,122.239998,0.08655112216215843,403,120.669998,0.01301069052806314,406,119.510002,0.009706267095535681,387,124.709999,-0.041696712707053996,276,133.889999,-0.0685637468710415,296,133.850006,0.00029878967655760924,287,128.940002,0.03807975743633096,304,131.220001,-0.01737539233824581,352,128.350006,0.022360692371140134,302,132.339996,-0.030149539977317286,334,124.760002,0.06075660370701197,286,129.949997,-0.03993840030638862,199,127.57,0.01865640040761929,155,131.949997,-0.033194369833900006,166,129.720001,0.017190841680613245,238,125.760002,0.03148854116589472,348,121.214996,0.03749541022135583,346,115.019997,0.053860190937059294,289,116.029999,-0.008704662662282758,210,121.489998,-0.044941963041270294,222,119.940002,0.012923094665280965,107,132.14999389648438,-0.09239494933310388,110,132.17999267578125,-0.0002269556785344795,191,127.25,0.03874257760314337,,,
393,VICR,Vicor Corporation - Common Stock,,393,237.5,,374,253.5,-0.06311637080867849,422,234.740005,0.079918184375944,463,226.639999,0.03573952539595626,474,226.119995,0.002299681635850037,494,210.880005,0.07226853963703195,500,208.809998,0.009913351945916027,496,221.199997,-0.05601265446671766,495,218.720001,0.01133867953850265,489,219.080002,-0.001643239897359594,496,226.479996,-0.032673940880853736,495,213.539993,0.06059756216251255,505,207.369995,0.029753571629299813,505,206.669998,0.003387027661363673,504,182.764999,0.1307654072163833,505,192.119995,-0.04869350532723049,509,206.440002,-0.06936643509623686,506,211.009995,-0.02165770867868133,505,231.380005,-0.08803703673530483,503,217.350006,0.06455025816746462,505,214.699997,0.012342846003859043,492,230.990005,-0.07052256655001155,496,237.619995,-0.02790165027989333,505,230.410004,0.031292005012073965,468,260.200012,-0.11448888019267278,467,264.5,-0.016257043478260846,462,252.160004,0.04893716610188514,451,272.049988,-0.07311150478712758,417,277.429993,-0.019392297645338008,435,263.160004,0.05422552357158361,450,257.339996,0.02261602584310296,455,285.339996,-0.09812854977400365,445,282.950012,0.008446665130376285,258,350.209991,-0.19205613982611935,190,379.779999,-0.07786088808747393,249,366.790009,0.035415332155353196,391,326.929993,0.12192217555273355,367,331.589996,-0.01405350902082092,216,322.2799987792969,0.028887914325704145,103,336.1199951171875,-0.04117575927013817,69,365.5299987792969,-0.0804585234603411,,,
394,FCEL,FUELCELL ENERGY INC,Industrials,394,21.2799,,277,22.360001,-0.04830505150692965,161,22.370001,-0.00044702724867995425,444,20.34,0.09980339233038338,434,21.67,-0.06137517305030005,437,19.200001,0.1286457745496994,446,19.83,-0.031769994957135506,462,20.43,-0.02936857562408235,466,20.32,0.005413385826771533,490,21.139999,-0.038788980075164625,499,22.5,-0.06044448888888887,486,21.34,0.05435801312089983,480,21.610001,-0.012494261337609447,469,23.620001,-0.08509737150307484,457,18.08,0.30641598451327434,442,19.66,-0.08036622583926767,341,21.49,-0.085155886458818,398,21.26,0.010818438381937856,349,23.299999,-0.08755360890788011,415,22.469999,0.03693814138576501,428,21.639999,0.0383549001088217,381,19.84,0.09072575604838717,408,18.5,0.07243243243243236,391,17.26,0.07184241019698723,170,20.25,-0.1476543209876543,145,21.35,-0.051522248243559776,217,19.08,0.11897274633123711,188,21.030001,-0.09272472217191052,36,23.0,-0.0856521304347827,112,22.540001,0.020408117994315855,177,25.959999,-0.13174106824888554,65,29.73,-0.12680797174571146,242,28.110001,0.05763069876802929,23,31.889999,-0.11853239631647527,25,36.009998,-0.11441264173355414,154,29.799999,0.20838923518084695,376,24.0,0.2416666249999999,478,19.65,0.22137404580152675,462,21.559999465942383,-0.08858993917393054,483,21.81999969482422,-0.011915719523373003,205,24.389999389648438,-0.10537101703038199,,,
395,ENPH,"Enphase Energy, Inc. - Common Stock",,395,37.950001,,470,38.650002,-0.018111279787255907,386,40.48,-0.045207460474308236,416,40.779999,-0.0073565229856921155,454,40.77,0.00024525386313456465,363,42.299999,-0.03617018998038268,392,40.919998,0.033724366262188,377,41.869999,-0.02268930075684983,425,39.669998,0.055457552581676506,435,38.950001,0.018485159987543964,358,41.77,-0.0675125448886762,400,39.349998,0.06149941862767072,434,37.540001,0.048215155881322413,438,37.380001,0.004280363716416158,432,35.07,0.06586829198745359,441,36.32,-0.03441629955947134,446,38.009998,-0.04446193341025706,462,36.700001,0.03569474017180552,456,38.889999,-0.05631262680155902,458,39.580002,-0.017433121908381866,465,39.939999,-0.0090134453934263,430,39.459999,0.012164217236802166,439,41.57,-0.050757782054366096,442,41.080002,0.011927896206042066,465,44.049999,-0.06742331594604578,470,44.985001,-0.02089359764865084,466,43.060001,0.04470506166500088,469,44.830002,-0.03948250994947533,486,44.889999,-0.0013365337789381648,489,43.02,0.04346813110181302,503,42.990002,0.0006977901513010032,503,44.549999,-0.035016768462778236,505,43.07,0.03436264221035512,484,46.84,-0.0804867634500428,481,49.240002,-0.0487408997262021,499,48.34,0.018618163011998146,500,47.580002,0.01597305523442394,500,47.209999,0.007837386313013894,487,47.81999969482422,-0.012756189878711743,493,47.220001220703125,0.012706458858397607,446,52.40999984741211,-0.09902688418240779,,,
396,SNEX,STONEX GROUP INC,Financials,396,65.775002,,330,68.410004,-0.038517787544640414,501,67.099998,0.019523189851659906,502,66.779999,0.004791838945669813,379,69.400002,-0.037752203522991246,442,65.970001,0.051993344671921404,,,,,,,,,,501,77.574997,-0.12227044681414556,503,75.230003,0.010501049694229048,494,76.190002,-0.012600065294656515,487,76.57,-0.0049627530364371175,478,77.620003,-0.013527479508085083,467,72.07,0.07700850561953665,478,74.279999,-0.02975227557555582,490,74.43,-0.0020153298401183184,491,74.260002,0.0022892269784748898,493,74.860001,-0.0080149477956859,485,74.019997,0.011348338746892894,489,74.550003,-0.007109402799085118,488,70.709999,0.0543063789323488,484,68.639999,0.03015734309669771,424,110.879997,-0.07142855983302387,391,115.410004,-0.03925142399267223,433,113.239998,0.019162893309129236,438,112.379997,0.007652616328153172,343,117.720001,-0.045361909230700714,269,122.650002,-0.04019568625852943,348,118.839996,0.032059964054525825,283,121.489998,-0.021812511676887136,205,122.279999,-0.006460590500986241,174,120.550003,0.014350858207776263,233,123.739998,-0.025779821008240167,263,118.5,0.04421939240506334,280,115.849998,0.022874424218807476,79,135.419998,-0.14451336795913994,79,137.279999,-0.01354895843202919,65,136.1300048828125,0.008447762857277441,60,137.94000244140625,-0.013121625154101313,76,138.7899932861328,-0.0061242960074219255,,,
397,ZION,Zions Bancorporation N.A. - Common Stock,,397,71.165001,,410,71.580002,-0.005797722665612515,407,72.199997,-0.008587188722459449,390,71.610001,0.00823901678202743,365,71.919998,-0.004310303234435708,375,71.0,0.012957718309859256,357,70.620003,0.00538086921350045,336,70.32,0.004266254266211744,313,70.580002,-0.0036837913379487164,320,71.699997,-0.01562057248063764,315,71.769997,-0.0009753379256794981,291,70.839996,0.013128191029259773,316,69.699997,0.01635579697370715,304,69.459999,0.003455197285562983,310,68.919998,0.007835185949947254,321,69.519997,-0.00863059588451931,318,68.519997,0.014594279681594324,255,69.290001,-0.011112772245449931,255,69.160004,0.001879655761731991,231,70.07,-0.012986955901241548,239,69.050003,0.014771860328521402,207,71.889999,-0.03950474390742442,217,72.269997,-0.00525803259684654,122,73.309998,-0.014186346042459164,174,71.550003,0.024598112176179576,193,70.419998,0.016046649135093682,207,70.360001,0.0008527145984549289,180,70.660004,-0.004245725771541142,169,70.019997,0.00914034600715552,193,68.639999,0.020104866260268972,164,70.690002,-0.028999900155611824,143,70.599998,0.001274844228749128,177,69.349998,0.018024513857952895,143,70.699997,-0.019094753285491595,189,69.190002,0.02182389010481578,162,69.519997,-0.004746763726126146,160,69.139999,0.00549606603263042,158,69.330002,-0.002740559563231937,150,68.30000305175781,0.015080511782700645,146,68.48999786376953,-0.0027740546875180128,195,67.12000274658203,0.0204111284083226,,,
398,CECO,CECO ENVIRONMENTAL,Industrials,398,78.529999,,337,84.150002,-0.06678553614294624,397,79.589996,0.057293708118794306,408,76.82,0.03605826607654272,424,75.830002,0.013055492204787189,433,73.970001,0.02514534236656285,442,70.379997,0.05100886832944873,444,70.919998,-0.007614227513091598,450,68.610001,0.03366851721806574,443,69.120003,-0.0073785008371599625,428,70.269997,-0.016365362873147826,431,68.330002,0.02839155485463052,431,65.889999,0.037031462088806366,435,65.540001,0.005340219631671861,,,,,,,,,,,,,,,,,,,,,,,,,,,,,,,,,,,,,,,,,,,,,,,,,,,,,,,,,,,,,,,,,,,,,,206,97.014999,-0.03386258424072286,113,95.4000015258789,-0.0032495387159425793,98,96.66999816894531,-0.013137436911915601,104,99.66999816894531,-0.030099328385659208,,,
399,APLD,Applied Digital Corporation - Common Stock,,399,29.120001,,235,31.18,-0.06606796023091732,264,31.200001,-0.0006410576717610361,394,30.620001,0.01894186744148052,352,31.15,-0.01701441412520066,440,29.690001,0.049174770994450334,454,29.059999,0.021679353808649493,464,29.219999,-0.005475701761659901,467,28.860001,0.012473942741720645,453,29.870001,-0.03381318936012079,457,31.27,-0.04477131435881043,452,29.49,0.06035944387928116,466,27.389999,0.0766703569430578,459,27.969999,-0.020736504137880085,491,23.219999,0.2045650389562894,488,26.620001,-0.1277235864867171,504,26.375,0.00928913744075821,499,27.190001,-0.029974290916723323,503,29.889999,-0.09033115056310315,493,30.08,-0.006316522606382935,501,30.049999,0.0009983694175830227,501,27.85,0.07899457809694788,505,25.790001,0.07987587902768989,497,26.440001,-0.024583962761574707,504,29.030001,-0.08921804721949544,506,28.469999,0.019669898829290267,494,28.84,-0.012829438280166361,496,31.15,-0.07415730337078652,485,32.290001,-0.035305077878442837,486,31.440001,0.027035622549757443,502,30.709999,0.023770824609925967,485,33.5,-0.08328361194029854,487,33.060001,0.013309104255623039,483,35.52,-0.06925672860360366,483,37.299999,-0.04772115409440081,481,37.77,-0.012443764892772102,486,39.16,-0.03549540347293145,470,40.950001,-0.043711867064423315,461,41.97999954223633,-0.02453546927108141,462,45.27000045776367,-0.07267506074663144,237,45.20000076293945,0.0015486504082158348,,,
400,MSTR,Strategy Inc - Class A Common Stock,,400,95.720001,,360,97.68,-0.02006550982800992,403,93.040001,0.04987101193173893,380,97.099998,-0.04181253433187504,399,94.830002,0.02393752981255881,320,96.089996,-0.01311264494172737,322,97.330002,-0.012740223718478827,266,100.010002,-0.026797319732080438,322,96.849998,0.032627816884415406,349,98.370003,-0.01545191576338567,372,97.650002,0.007373281979041746,410,94.860001,0.02941177493767899,355,93.279999,0.016938272051225,185,97.739998,-0.04563125732824336,353,93.330002,0.047251643689025125,137,96.160004,-0.0294301360469994,155,98.650002,-0.025240729341292845,388,91.669998,0.07614273101653168,434,93.629997,-0.020933451487774812,412,100.010002,-0.06379366935719089,419,101.949997,-0.019028887269118777,440,97.82,0.04222037415661428,464,94.849998,0.031312620586454676,460,94.029999,0.00872061053621831,466,97.470001,-0.03529293079621487,466,97.580002,-0.001127290405261494,472,92.099998,0.059500587611304834,484,94.639999,-0.02683855691925785,491,93.889999,0.00798807123216605,481,93.870003,0.0002130179968142798,467,97.360001,-0.035846322557042676,462,100.769997,-0.033839397653251946,470,100.769997,0.0,503,93.389999,0.07902342947878171,502,86.93,0.07431265385942698,497,92.68,-0.06204143288735431,496,82.309998,0.12598714921606513,505,85.330002,-0.03539205354759045,495,94.12999725341797,-0.0934876795969728,498,103.83999633789062,-0.09350923896414631,499,109.45999908447266,-0.051342984207408904,,,
401,AXSM,"Axsome Therapeutics, Inc. - Common Stock",,401,217.085007,,436,216.270004,0.003768451402997197,452,213.669998,0.012168325101028055,433,213.679993,-4.6775553759981214e-05,417,214.660004,-0.0045654103314001215,403,215.770004,-0.005144366591382288,387,220.889999,-0.023178935321557903,437,212.740005,0.038309644676373766,442,210.130005,0.012420882015397927,451,212.850006,-0.01277895665175599,432,212.169998,0.00320501487679703,416,211.039993,0.005354459047958615,379,217.990005,-0.03188225074814777,345,234.639999,-0.07095974288680418,356,227.419998,0.03174743234321897,358,234.199997,-0.028949611814042875,336,238.369995,-0.01749380411741841,319,241.0,-0.010912883817427388,328,241.529999,-0.0021943402566734216,351,239.619995,0.007970970869939364,366,236.949997,0.011268191744269185,395,221.639999,0.06907597035316715,383,230.0,-0.036347830434782624,351,237.039993,-0.02969960010081507,367,237.529999,-0.0020629225868855627,375,235.259995,0.009648916297902765,391,228.279999,0.030576467630000215,363,233.800003,-0.023609939816810033,249,248.949997,-0.060855570124790925,230,245.570007,0.013763855127470803,200,249.759995,-0.016776057350577744,252,242.600006,0.029513556566029164,106,244.309998,-0.00699927147475965,140,240.660004,0.015166599930747093,142,244.770004,-0.016791273165971843,140,241.119995,0.015137728416094287,131,241.669998,-0.0022758431106537635,198,237.330002,0.018286756682368344,229,237.9199981689453,-0.00247980835978312,198,241.97000122070312,-0.01673762442973248,189,247.85000610351562,-0.023724046228185358,,,
402,GLPI,"Gaming and Leisure Properties, Inc. - Common Stock",,402,42.555,,420,42.25,0.007218934911242592,413,43.57,-0.030296075281156742,386,43.650002,-0.001832806330684722,386,43.099998,0.012761114281258257,397,42.639999,0.010787969296153,356,42.810001,-0.003971081430247936,318,44.139999,-0.030131355462876264,312,43.860001,0.006383903183221573,338,43.810001,0.0011412919164279778,290,44.41,-0.013510448097275307,273,44.810001,-0.008926601005878165,259,44.790001,0.0004465282329420006,299,44.709999,0.0017893536521884634,308,46.009998,-0.028254706727003143,331,45.849998,0.0034896402830815187,337,45.040001,0.01798394720284313,329,45.169998,-0.00287795009421965,331,44.419998,0.01688428711770773,310,44.709999,-0.006486267199424578,329,44.509998,0.004493394944659501,338,44.66,-0.003358755038065264,345,45.080002,-0.009316814138562002,300,45.169998,-0.0019923844140971037,344,44.029999,0.0258914155323966,321,43.84,0.004333918795620173,359,44.040001,-0.004541348670723089,359,43.18,0.019916651227420035,345,43.040001,0.0032527647943132454,355,42.91,0.003029620135166722,302,44.07,-0.026321760835035235,333,43.540001,0.012172691498100852,318,43.950001,-0.009328782495363397,345,43.689999,0.005951064452988319,350,44.529999,-0.01886368782536907,322,45.91,-0.030058832498366383,323,45.880001,0.0006538578758965574,344,45.060001,0.018197957873991255,337,45.369998931884766,-0.006832664907045705,355,44.709999084472656,0.014761798585591457,378,44.189998626708984,0.011767368449137061,,,
403,VERA,VERA THERAPEUTICS CLASS A,Health Care,403,31.889999,,439,31.629999,0.008220044521658032,453,31.629999,0.0,,,,470,30.889999,-0.036678926308769566,,,,425,31.58,-0.040848606713109525,412,32.889999,-0.03982970628852878,430,32.02,0.027170487195502746,,,,,,,,,,,,,,,,,,,,,,360,35.77,-0.05287094940306991,381,35.450001,-0.0076163890658282885,354,36.349998,-0.024759203563092358,363,36.055,0.00818188878102899,253,37.169998,-0.029997257465550597,245,36.990002,0.00486607164822539,128,38.5,-0.03922072727272741,79,39.119999,-0.015848645599403022,43,42.5,-0.0795294352941176,29,43.130001,-0.014607024933757873,22,41.5,0.03927713253012044,23,42.0,-0.011904761904761862,24,42.450001,-0.010600730021184224,33,42.43,0.0004713881687485877,36,42.959999,-0.012337034737826769,29,40.130001,0.07052075578069394,17,41.200001,-0.025970873156046737,40,42.66,-0.03422407407407402,50,42.91,-0.005826147751107014,44,43.150002,-0.0055620391396506985,,,,,,,,,,,,,,,,,,
404,WTFC,Wintrust Financial Corporation - Common Stock,,404,158.970001,,401,160.960007,-0.012363356818193894,400,162.470001,-0.009293986524933961,347,162.449997,0.00012313942979025327,343,162.600006,-0.0009225645416028883,349,162.100006,0.0030845156168592958,341,159.199997,0.018216137277942357,345,158.75,0.00283462677165347,331,159.130005,-0.0023880160124422067,333,161.440002,-0.014308702746423263,322,162.970001,-0.009388224769048215,306,161.759995,0.00748025492953297,312,159.539993,0.013915018787796996,307,159.649994,-0.0006890134928535518,301,159.210007,0.0027635637249863176,306,161.080002,-0.01160910713174701,313,158.875,0.013846909181554956,262,158.660004,0.0013550737084313536,224,157.770004,0.005641123010936777,218,158.529999,-0.0047940137815808415,219,158.929993,-0.0025167936677628067,196,163.660004,-0.028901447417782,222,164.300003,-0.0038953072934515554,158,166.899994,-0.01557813716877654,214,162.619995,0.026319020609981036,195,162.360001,0.0016013426853820345,214,161.5,0.0053250835913314365,230,161.520004,-0.00012384843675461443,212,161.740005,-0.0013602138815316245,237,158.419998,0.02095699433098086,213,161.449997,-0.018767414408809246,185,162.785004,-0.008231439631550375,203,161.190002,0.00989516707121818,171,162.789993,-0.009828558687879685,199,160.720001,0.012879492204582732,194,160.369995,0.0021824905587857213,185,161.309998,-0.0058273077407143825,178,161.880005,-0.003521169893712317,187,159.80999755859375,0.012952925510955948,210,157.47000122070312,0.014859954182638413,248,155.77000427246094,0.010913506813545304,,,
405,JBLU,JETBLUE AIRWAYS,Industrials,405,5.1301,,396,5.24,-0.02097328244274821,419,5.65,-0.072566371681416,371,5.8,-0.025862068965517127,309,5.78,0.0034602076124565784,365,5.81,-0.005163511187607495,380,5.64,0.03014184397163122,340,6.07,-0.07084019769357508,162,6.19,-0.01938610662358642,144,6.36,-0.02672955974842761,171,6.41,-0.007800312012480437,149,6.23,0.028892455858748,214,6.03,0.03316749585406309,178,6.07,-0.00658978583196046,225,5.72,0.061188811188811254,293,6.0,-0.046666666666666745,339,5.43,0.1049723756906078,384,5.27,0.030360531309297834,406,4.99,0.05611222444889763,377,5.16,-0.032945736434108475,373,5.35,-0.035514018691588656,284,5.45,-0.01834862385321112,284,5.42,0.005535055350553542,261,5.64,-0.03900709219858156,187,5.59,0.008944543828264706,257,5.33,0.04878048780487809,119,5.6,-0.048214285714285654,161,5.76,-0.02777777777777779,115,5.92,-0.027027027027027084,192,5.58,0.06093189964157708,148,5.72,-0.02447552447552437,97,6.06,-0.05610561056105612,95,6.02,0.006644518272425293,203,5.92,0.016891891891891886,319,5.73,0.03315881326352521,317,5.63,0.017761989342806483,163,6.0,-0.06166666666666665,147,5.92,0.013513513513513598,133,5.789999961853027,0.022452504317789224,174,5.53000020980835,0.047016274864376095,136,5.489999771118164,0.007285974499089187,,,
406,VIAV,Viavi Solutions Inc. - Common Stock,,406,41.189999,,244,46.259998,-0.10959790789441892,280,43.540001,0.062471220430151186,377,42.990002,0.012793649090781622,402,43.110001,-0.0027835536352689427,445,38.400002,0.12265621756998857,449,37.200001,0.03225809053069639,438,39.139999,-0.04956561189488029,395,40.59,-0.035723109140182285,426,38.900002,0.04344467642957972,422,40.32,-0.035218204365079386,429,37.75,0.06807947019867555,450,36.950001,0.02165085191743299,485,35.049999,0.05420833250237744,475,32.23,0.08749609059882113,464,35.099998,-0.08176632944537499,477,38.16,-0.08018873165618445,468,39.52,-0.0344129554655872,460,41.799999,-0.05454543192692418,454,42.25,-0.010650911242603534,418,43.02,-0.017898651789865272,454,39.43,0.09104742581790526,468,38.16,0.03328092243186598,469,36.93,0.033306255077173,481,40.119999,-0.0795114426598067,462,41.849998,-0.04133809038652758,457,40.919998,0.022727273838087703,435,43.080002,-0.05013936628879456,453,42.880001,0.004664202316599697,476,40.700001,0.05356265224661794,477,40.220001,0.011934360717693604,474,42.419998,-0.05186226081387357,462,41.66,0.018242870859337623,343,47.07,-0.11493520288931391,363,47.75,-0.014240837696335107,412,47.41,0.007171482809533947,462,47.630001,-0.004618958542537133,406,50.439999,-0.05570971561676674,367,49.40999984741211,0.020845962355798386,349,49.970001220703125,-0.011206743822158582,264,52.939998626708984,-0.05610120997546675,,,
407,QS,QuantumScape Corporation - Common Stock,,407,5.7538,,357,6.12,-0.059836601307189596,347,6.19,-0.011308562197092087,415,6.16,0.004870129870129913,387,6.38,-0.03448275862068961,378,6.34,0.006309148264984188,435,6.19,0.024232633279482885,458,6.08,0.018092105263157965,482,5.53,0.09945750452079571,484,5.52,0.0018115942028986698,483,5.69,-0.02987697715289994,480,5.34,0.06554307116104874,474,5.22,0.02298850574712641,457,5.23,-0.0019120458891014325,444,4.96,0.05443548387096775,446,5.17,-0.04061895551257255,463,5.18,-0.0019305019305019266,480,4.885,0.060388945752303025,484,5.115,-0.04496578690127084,457,5.87,-0.1286201022146507,470,6.05,-0.02975206611570247,428,5.89,0.02716468590831922,432,5.86,0.005119453924914641,422,5.905,-0.007620660457239636,409,6.43,-0.08164852255054422,424,6.42,0.0015576323987538387,431,6.28,0.022292993630573132,436,6.58,-0.045592705167173175,432,6.91,-0.04775687409551377,451,6.63,0.042232277526395245,460,6.79,-0.02356406480117823,450,7.24,-0.06215469613259672,461,7.07,0.0240452616690241,463,7.61,-0.07095926412614983,470,7.56,0.006613756613756738,461,7.59,-0.0039525691699605625,476,7.16,0.06005586592178758,458,7.13,0.004207573632538653,441,7.119999885559082,0.001404494382022392,441,7.420000076293945,-0.040431266846361114,370,7.610000133514404,-0.024967148488830526,,,
408,ACIW,ACI WORLDWIDE,Information Technology,408,52.52,,433,52.130001,0.007481277431780731,418,53.439999,-0.024513436087452045,354,53.66,-0.004099906820723032,317,52.75,0.017251184834123245,354,52.240002,0.009762595338338675,,,,,,,,,,,,,,,,,,,,,,,,,,,,55,59.970001,0.0035017341420420234,54,57.880001,0.03610919080668307,51,56.310001,0.027881370486922963,44,54.529999,0.03264261934059465,24,54.709999,-0.0032900750007326396,29,56.689999,-0.03492679546528121,37,56.869999,-0.003165113472219372,38,58.07,-0.02066473221973486,24,58.669998,-0.010226657924890303,,,,,,,,,,,,,,,,,,,,,,,,,,,,,,,,,,,,,,,,,,,,,,,,,,,,,,
409,CROX,"Crocs, Inc. - Common Stock",,409,131.649994,,435,129.970001,0.012926005901931159,433,131.720001,-0.013285757566916523,389,132.559998,-0.006336730632720777,381,130.610001,0.014929921024960269,362,131.710007,-0.008351726835759576,307,138.190002,-0.046891923483726394,261,136.619995,0.011491780540615615,235,134.179993,0.018184544099655753,184,137.320007,-0.022866398484818085,156,141.190002,-0.027409837418941208,183,134.889999,0.04670474495295984,223,128.009995,0.05374583445612968,255,123.660004,0.03517702457780936,240,133.520004,-0.0738466125270637,270,135.940002,-0.017801956483713965,189,134.539993,0.010405894699280882,197,134.720001,-0.0013361638855687863,227,132.470001,0.016984977602589435,226,136.199997,-0.027386168004100653,254,135.279999,0.006800694905386484,250,135.389999,-0.0008124676919450957,248,137.130005,-0.012688732856095397,142,138.910004,-0.012814044696161542,178,133.369995,0.041538645930068396,226,131.169998,0.01677210515776628,211,130.460007,0.0054422118803043595,246,132.779999,-0.01747245080187121,265,127.129997,0.04444271323313265,270,122.440002,0.03830443419953555,269,124.550003,-0.016940995176049856,251,125.779999,-0.009778947446167474,232,125.279999,0.003991060057399798,264,124.169998,0.008939365530149956,292,120.639999,0.02926060203299574,226,125.330002,-0.03742123135049491,196,127.760002,-0.019020037272698298,264,118.879997,0.07469721756470094,180,121.4000015258789,-0.020757866214862197,166,121.13999938964844,0.002146301817288254,120,123.80000305175781,-0.02148629996398299,,,
410,CELH,"Celsius Holdings, Inc. - Common Stock",,410,29.725,,402,29.945,-0.007512554006258609,439,29.09,0.029391543485733918,422,28.780001,0.010771333885638112,409,27.620001,0.041998550253492084,391,28.09,-0.016731897472410107,404,27.209999,0.032341089023928404,387,27.77,-0.020165682391069528,476,23.77,0.16827934371055964,407,29.15,-0.18456260720411666,419,29.540001,-0.013202470778521658,430,28.23,0.04640456960680117,376,29.209999,-0.0335501209705622,317,29.35,-0.004770051107325424,332,28.879999,0.01627427341669918,335,29.450001,-0.01935490596417977,301,28.790001,0.022924625810190058,355,27.120001,0.06157816882086409,345,27.17,-0.001840228192859894,337,28.469999,-0.04566206693579444,388,28.02,0.01605992148465396,357,29.42,-0.04758667573079545,356,28.99,0.014832700931355802,235,29.98,-0.03302201467645105,241,30.209999,-0.007613340205671615,217,30.139999,0.0023224951002818184,241,29.83,0.010392189071404712,209,30.6,-0.02516339869281059,217,30.52,0.002621231979030192,203,30.6,-0.002614379084967422,143,31.700001,-0.03470034590850646,195,33.040001,-0.04055689949888308,214,33.16,-0.00361878769601931,272,31.870001,0.04047690491129874,425,29.280001,0.08845628113195758,401,29.790001,-0.017119838297420698,363,29.85,-0.002010016750418786,354,28.219999,0.0577604910616758,358,28.520000457763672,-0.010518969144459933,353,28.15999984741211,0.012784090909090828,290,29.1200008392334,-0.03296706617558143,,,
411,FLEX,Flex Ltd.,Information Technology,411,121.18,,284,130.0,-0.06784615384615378,394,126.160004,0.03043750696139802,436,124.300003,0.014963804948580739,445,124.529999,-0.0018469124054196762,434,122.410004,0.01731880508720507,443,119.699997,0.022639992213199456,446,121.349998,-0.013597041839259028,427,122.650002,-0.010599298644936028,427,121.879997,0.0063177307101509594,417,126.709999,-0.0381185544796665,423,117.449997,0.07884207949362487,446,113.75,0.03252744615384606,453,111.910004,0.016441747245402594,449,103.019997,0.08629399397089865,437,113.279999,-0.09057205235321375,472,116.07,-0.024037227535108063,457,118.510002,-0.020588996361674217,446,127.940002,-0.07370642373446268,441,127.0,0.007401590551181059,422,127.389999,-0.0030614569672773317,424,119.910004,0.06238007464331341,444,119.25,0.005534624737945526,431,121.120003,-0.015439258204113515,441,128.720001,-0.05904286778245127,448,132.25,-0.026618299054057104,439,129.5,0.021235521235521304,438,135.800003,-0.046391773643775225,431,139.940002,-0.02958409990590105,456,133.369995,0.049261507432762475,442,131.520004,0.014066232844700766,442,138.649994,-0.051424380155400407,439,136.854996,0.013079007649575924,333,153.529999,-0.1086107152257586,300,162.070007,-0.05269332776668545,256,159.559998,0.0157308161911609,348,146.699997,0.08766190363316784,91,161.279999,-0.09040179867560638,76,150.72000122070312,0.07006368053301704,70,151.85000610351562,-0.007441586798488609,88,155.80999755859375,-0.025415519227463212,,,
412,TSLA,"Tesla, Inc.",Consumer Discretionary,412,339.859985,,445,339.299988,0.0016504480395089782,458,342.269989,-0.0086773631795104,450,339.959991,0.006794911345906041,457,327.51001,0.03801404726530344,446,332.809998,-0.015924966292629184,440,330.880005,0.005832909123656638,441,328.579987,0.006999872454191758,448,319.529999,0.028322811718220153,457,321.549988,-0.00628203724268217,458,327.350006,-0.01771809345865727,418,322.079987,0.016362454088151734,437,311.209991,0.03492817169870355,423,308.850006,0.007641201081925786,407,298.320007,0.03529766275447965,397,307.440002,-0.02966430828997979,404,309.220001,-0.005756416125230035,395,313.029999,-0.01217135102760536,405,319.690002,-0.020832690914118768,364,374.01001,-0.14523677588201456,346,378.929993,-0.012983883806737873,358,369.570007,0.025326692704259468,349,380.839996,-0.029592451208827364,347,391.059998,-0.026134102317465935,337,394.459991,-0.00861936084159165,309,396.179993,-0.004341466077011136,265,394.76001,0.0035970791468973307,273,407.76001,-0.03188149813906471,321,406.549988,0.0029763178839401494,292,393.929993,0.03169565564480359,323,402.899994,-0.022263591793451276,319,419.769989,-0.040188663892310794,365,393.450012,0.06689535188017737,291,425.299988,-0.07488825981344716,364,420.600006,0.011174469645632845,382,411.839996,0.02127042075825969,437,379.709991,0.08461722304273,429,375.119995,0.012236073952816007,422,375.5299987792969,-0.0010918009242717464,407,381.6099853515625,-0.015932460467458776,363,405.04998779296875,-0.05786940796057993,,,
413,OKTA,"Okta, Inc. - Class A Common Stock",,413,143.024994,,428,143.240005,-0.0015010541224150797,399,147.429993,-0.028420187200307367,355,154.949997,-0.04853181120100314,412,147.300003,0.051934785092977886,293,150.330002,-0.020155650633198352,272,150.770004,-0.0029183656451982065,363,148.320007,0.016518317720953135,379,143.509995,0.033516912881224714,373,147.039993,-0.024007060446473272,356,147.820007,-0.005276782323518581,331,141.570007,0.04414776923759001,304,141.929993,-0.0025363631209366355,296,140.419998,0.010753418469639842,335,136.910004,0.025637235391505753,313,136.210007,0.0051391011234585005,238,137.429993,-0.00887714518038285,187,138.5,-0.007725682310469328,210,136.100006,0.017634047716353463,193,136.690002,-0.004316306908825562,181,141.710007,-0.03542449193443342,51,148.410004,-0.04514518441762183,61,149.350006,-0.006293953546945397,35,147.740005,0.010897529074809675,36,150.860001,-0.020681399836395387,30,154.619995,-0.02431764404079806,81,139.529999,0.10814875731490536,118,138.630005,0.006492057761954051,77,148.839996,-0.06859709267930914,91,146.770004,0.014103644774718482,101,148.470001,-0.011450104321074184,121,148.600006,-0.0008748653751737834,262,141.419998,0.05077081107015724,310,140.460007,0.006834621615817049,200,136.449997,0.0293881281653674,39,131.309998,0.039144003337811206,40,124.279999,0.05656581152692164,56,119.260002,0.042092880394216436,51,118.58000183105469,0.005734525118324729,42,118.16000366210938,0.003554485323138623,72,115.94000244140625,0.019147852007109556,,,
414,LOGI,Logitech International S.A. - Registered Shares,,414,98.639999,,416,101.120003,-0.024525355285046735,367,103.089996,-0.019109448796564177,331,104.529999,-0.013775978319869764,355,103.279999,0.012103021031206529,369,103.660004,-0.0036658786931939025,330,104.870003,-0.011538084918334524,301,106.330002,-0.013730828294351016,294,102.970001,0.032630872752929196,227,105.699997,-0.02582777745963416,151,108.949997,-0.02983019815961996,104,105.110001,0.03653311733866316,140,102.480003,0.025663523838889812,149,101.57,0.008959367923599526,204,102.989998,-0.013787727231531766,131,111.660004,-0.07764647760535637,248,107.82,0.03561495084399935,275,105.779999,0.01928531876805928,336,102.900002,0.02798830849391054,339,104.419998,-0.014556560324776147,361,102.910004,0.014672956382355329,356,101.779999,0.011102426911990815,363,102.830002,-0.010211056885907621,370,100.290001,0.02532656271486111,379,99.910004,0.0038033929014755774,379,100.589996,-0.006760036057661178,378,102.220001,-0.015946047584170953,405,101.949997,0.002648396350614979,406,101.669998,0.0027539982837414545,418,97.860001,0.03893313878057292,417,97.110001,0.007723200414754494,418,97.43,-0.003284399055732412,448,94.0,0.0364893617021278,462,94.639999,-0.0067624578060276885,468,94.040001,0.006380242382175272,,,,417,97.370003,0.012940268678024003,402,100.849998,-0.034506644214311266,416,102.37000274658203,-0.014848148436607866,343,104.38999938964844,-0.019350474368718062,318,106.83000183105469,-0.02284005386426924,,,
415,FA,FIRST ADVANTAGE,Industrials,415,20.879999,,412,20.299999,0.028571429978888174,340,21.58,-0.059314226135310455,237,22.200001,-0.027927971714956312,,,,,,,,,,,,,,,,,,,,,,,,,,,,,,,,,,,,,,,,,,,,,,,,,,,,,,,,,,,,,,,,,,,,,,,,,,,,,,,,,,,,,,,,,,,,,,,,,,,,,,,,,,,,,,,,,,
416,EXEL,"Exelixis, Inc. - Common Stock",,416,53.154999,,438,52.32,0.015959461009174225,441,51.240002,0.02107724351767204,431,50.610001,0.01244815229306151,415,50.380001,0.004565303601323789,406,51.330002,-0.018507714065547853,372,52.959999,-0.03077788955396321,351,54.07,-0.020528962456075384,373,52.200001,0.035823734945905406,326,56.700001,-0.07936507796534253,310,56.0,0.012500017857142831,317,55.060001,0.01707226630816816,314,53.029999,0.03828025718046879,276,55.970001,-0.052528174869963085,289,55.330002,0.011566943373687355,304,56.509998,-0.02088118990908483,297,55.810001,0.012542501119109595,273,55.369999,0.007946577712598435,221,55.650002,-0.0050315002684097054,251,54.98,0.012186285922153539,252,56.119999,-0.020313596227968578,289,55.529999,0.010624887639562264,252,55.919998,-0.00697423129378516,209,55.68,0.004310308908046068,210,55.549999,0.002340252067331239,225,55.77,-0.003944791106329615,209,56.040001,-0.004818004910456586,211,56.5,-0.008141575221239039,188,57.099998,-0.010507846252463926,223,56.110001,0.017643859960009722,201,57.080002,-0.016993709986205086,223,55.529999,0.027912894433871793,138,55.849998,-0.005729615245465225,212,53.959999,0.0350259272614144,197,54.41,-0.008270556882925773,213,54.279999,0.002395007413319883,164,54.77,-0.008946521818513853,187,53.23,0.028931053916964267,206,52.869998931884766,0.00680917357308819,238,51.34000015258789,0.029801305025321412,262,51.349998474121094,-0.00019470302608382006,,,
417,CHKP,Check Point Software Technologies Ltd. - Ordinary Shares,,417,130.820007,,447,127.010002,0.02999767687587318,423,131.720001,-0.0357576599168109,369,134.229996,-0.018699210867889837,420,129.289993,0.038208703437705216,413,129.119995,0.0013165892703141946,367,131.139999,-0.015403416313889084,399,127.82,0.025974018150524136,404,125.279999,0.0202745930737116,411,125.349998,-0.0005584284093885783,404,123.919998,0.011539703220460051,372,122.970001,0.007725437035655647,321,127.129997,-0.03272237943968492,305,128.229996,-0.008578328271959035,198,139.669998,-0.08190736853880387,249,137.639999,0.01474861242915293,241,132.75,0.036836150659133704,271,130.570007,0.016695970614445832,313,126.010002,0.03618764326342916,263,127.910004,-0.014854209526879547,268,130.460007,-0.019546243010702846,201,135.729996,-0.0388270032808371,180,137.100006,-0.0099927785561148,143,136.509995,0.0043221084287639044,197,132.389999,0.03112014526112361,149,137.020004,-0.03379072299545405,226,134.320007,0.02010122736220521,271,131.699997,0.019893774181331203,257,138.160004,-0.046757432056820036,304,136.850006,0.00957250962780365,284,138.75,-0.013693650450450345,298,138.869995,-0.0008640815461971041,331,136.580002,0.01676667862400505,344,134.289993,0.017052715163966115,358,131.429993,0.021760634195575168,342,128.75,0.020815479611650423,301,130.050003,-0.009996178162333447,365,122.839996,0.058694295301018995,387,124.68000030517578,-0.01475781199871673,383,123.88999938964844,0.006376632548039662,402,120.30000305175781,0.029842027518486525,,,
418,IREN,IREN Limited - Ordinary Shares,,418,42.93,,125,44.900002,-0.04387532098550906,219,44.060001,0.019064933747958923,322,44.759998,-0.015638897034803367,375,43.669998,0.02495992786626644,443,39.75,0.09861630188679249,450,38.740002,0.02607119121986634,436,41.23,-0.06039286926994902,480,37.93,0.08700237279198508,445,38.889999,-0.024684983920930548,456,40.849998,-0.047980394025967765,382,39.75,0.02767290566037728,445,36.799999,0.08016307283051827,443,38.259998,-0.038159934038679344,482,29.309999,0.3053565099063975,489,33.93,-0.136162717359269,495,36.290001,-0.06503171493436988,495,37.07,-0.021041246290801285,496,40.580002,-0.08649585576659158,490,41.279999,-0.016957292077453667,499,41.290001,-0.00024223782411625372,496,40.200001,0.027114427186208268,500,33.619999,0.195716900526975,493,34.830002,-0.03474025066091013,502,38.279999,-0.09012531583399452,503,38.59,-0.00803319512827172,490,38.98,-0.010005130836326148,492,41.139999,-0.05250362305550871,494,41.720001,-0.013902252782784008,484,43.005001,-0.0298802457881584,498,39.814999,0.0801206098234486,501,43.91,-0.09325896151218394,503,38.82,0.13111798042246248,502,43.32,-0.10387811634349031,501,45.73,-0.05270063415700843,496,45.91,-0.0039207144412981565,495,47.209999,-0.027536518270208088,487,47.740002,-0.011101863799670375,470,50.29999923706055,-0.0508945735764329,464,54.720001220703125,-0.08077488887472795,397,56.869998931884766,-0.03780548686135898,,,
419,LGN,LEGENCE CLASS A,Industrials,419,65.629997,,370,70.040001,-0.06296407677092986,431,66.375,0.05521658757062142,456,63.240002,0.049573021835135345,407,68.68,-0.0792078916715202,429,64.970001,0.05710326216556494,447,64.160004,0.012624640734124615,449,64.339996,-0.002797513384986794,447,63.57,0.012112568821771363,418,65.550003,-0.030205994040915618,438,66.489998,-0.01413738950631338,411,65.290001,0.018379491217958455,424,63.93,0.02127328327858602,446,59.810001,0.06888478400125764,448,53.080002,0.1267897277019696,447,59.209999,-0.10352976023526028,430,67.629997,-0.12450093706199628,418,70.800003,-0.044774094147990384,351,74.870003,-0.054360890034958254,419,72.870003,0.027446135826287854,416,72.550003,0.004410751023676607,423,68.139999,0.06471975439858757,427,68.239998,-0.0014654015669812726,428,69.129997,-0.012874280900084578,451,70.779999,-0.023311698549190463,456,69.910004,0.01404005670314934,460,68.330002,0.02312310776750759,463,73.660004,-0.0723595127689649,457,73.970001,-0.004190847584279456,454,71.949997,0.028075108884299205,445,70.400002,0.022016973806335827,417,77.779999,-0.09488296599232415,400,75.830002,0.02571537582182848,398,80.0,-0.05212497500000013,321,85.230003,-0.06136340274445373,365,80.599998,0.057444232194646005,428,80.510002,0.0011178238450422207,434,81.099998,-0.007274920031440701,414,79.79000091552734,0.016418059701490684,413,81.0199966430664,-0.015181387873909657,266,88.19999694824219,-0.08140589846051804,,,
420,XP,XP Inc. - Class A Common Stock,,420,15.905,,,,,,,,,,,,,,,,,,,,,,,,,,,,,,,,,,,,,,,,,,,,,,,293,16.74,0.0035841696535245937,251,16.690001,0.002995745776168679,252,16.83,-0.008318419489007689,252,17.299999,-0.027167573824715352,243,16.85,0.02670617210682491,247,16.799999,0.0029762501771577465,268,16.67,0.007798380323934984,212,16.68,-0.0005995203836929308,201,16.870001,-0.011262654934045324,124,16.870001,0.0,124,16.370001,0.030543675592933583,131,16.92,-0.03250585106382997,153,16.41,0.031078610603290757,240,15.44,0.06282383419689119,256,15.97,-0.03318722604884161,,,,,,,,,,,,,,,,366,16.129999,0.01115933113201062,382,15.78,0.02217991128010155,384,15.5600004196167,0.014138817480719768,428,15.720000267028809,-0.010178117048346036,420,15.989999771118164,-0.016885553470919246,,,
421,NTES,"NetEase, Inc. - American Depositary Shares, each representing 5 ordinary shares",,421,125.5,,421,124.400002,0.008842427510571849,417,125.120003,-0.005754483557677048,419,122.650002,0.020138613613720047,403,124.110001,-0.011763749804498014,407,127.889999,-0.02955663483897597,325,133.410004,-0.04137624491788472,375,132.220001,0.009000173884433638,381,130.360001,0.014268180313990575,382,128.110001,0.017563031632479742,357,130.600006,-0.019065887332348153,292,131.580002,-0.007447909903512517,284,133.270004,-0.012681038112672294,291,131.895004,0.010386732845492075,318,129.619995,0.017551373921901536,300,127.349998,0.017824868752648104,229,123.769997,0.02892462702410814,289,119.550003,0.03529898698538725,297,120.18,-0.00524211183225165,312,121.209999,-0.008497640528814743,261,129.550003,-0.06437671792257704,190,134.199997,-0.03464973251825032,225,131.289993,0.022164705271939367,210,130.330002,0.007365848118378704,204,129.759995,0.0043927791458378,223,128.389999,0.010670581904124843,229,131.429993,-0.02313013894781235,214,128.029999,0.026556229216248006,145,133.910004,-0.04391012489253587,155,133.350006,0.004726928306774569,214,130.820007,0.019339541848518715,215,130.985001,-0.0012977936751739083,265,127.239998,0.029432592414847525,239,129.699997,-0.01896683929761378,255,128.139999,0.012174168972796773,264,129.160004,-0.007897220257131576,307,123.709999,0.044054684698526136,384,114.82,0.07742552691168791,280,117.63999938964844,-0.023971429989556592,213,119.25,-0.013501056603773542,231,121.56999969482422,-0.019083655507115216,,,
422,ALNY,"Alnylam Pharmaceuticals, Inc. - Common Stock",,422,229.315002,,423,224.600006,0.02099285785415339,446,228.649994,-0.017712609255524314,427,227.119995,0.006736522691452196,429,223.949997,0.014154936559342746,432,221.199997,0.012432188233709507,424,216.979996,0.019448802091414974,429,219.199997,-0.010127741926930778,440,216.119995,0.014251351430949244,385,228.720001,-0.05508921801727351,390,219.0,0.04438356621004558,370,220.330002,-0.006036408968035145,375,205.520004,0.07206110213972172,379,205.479996,0.00019470508457675173,139,286.619995,-0.2830925979187182,120,288.410004,-0.006206473337173168,174,278.399994,0.03595549646455809,181,271.769989,0.024395648041918294,262,268.73999,0.011274834831987768,275,266.98999,0.006554552850464468,223,271.369995,-0.016140343739918794,243,272.670013,-0.004767733663473939,233,267.470001,0.01944147747619729,245,283.149994,-0.05537698510422706,177,279.140015,0.014365475333230071,214,281.26001,-0.0075374917322943435,218,288.059998,-0.023606151660113484,221,298.76001,-0.035814739730394396,167,312.790009,-0.04485437065222875,222,323.5,-0.033106618238021635,217,321.589996,0.005939251916281751,218,313.040009,0.027312761162104238,193,312.779999,0.0008312871693565427,269,301.670013,0.03682827434359548,302,301.029999,0.002126080464160074,333,293.519989,0.02558602576126412,298,291.369995,0.007378913535691867,288,293.170013,-0.006139843504389897,301,,-0.0030265422228562544,328,288.17999267578125,,343,286.4100036621094,0.006179913324535935,,,
423,LAMR,Lamar Advertising Company - Class A Common Stock,,423,153.149994,,430,152.380005,0.005053084228471949,410,155.470001,-0.019875191227405886,396,155.139999,0.0021271239018121335,371,154.070007,0.006944842937535389,366,153.820007,0.0016252762230077877,326,154.639999,-0.005302586687160993,313,160.929993,-0.039085281014086704,310,160.0,0.005812456249999931,324,158.179993,0.011505924140482238,285,158.910004,-0.0045938643359418885,272,157.610001,0.00824822658303237,247,159.960007,-0.014691209659674409,251,160.649994,-0.004294970593027192,242,164.330002,-0.022394011776376788,290,162.210007,0.013069446449133215,303,160.990005,0.007578122629414041,290,159.460007,0.009594869765683578,293,157.729996,0.010968180079076406,285,158.910004,-0.00742563696619114,269,160.070007,-0.007246847936978051,264,161.160004,-0.006763446096712533,251,162.320007,-0.007146395699699659,207,162.380005,-0.000369491305287295,229,160.289993,0.013038942487195726,245,157.229996,0.019461916160069093,239,157.229996,0.0,265,155.179993,0.013210485194441235,230,162.25,-0.04357477349768879,238,160.089996,0.013492435842149542,227,160.080002,6.243128357796834e-05,260,158.009995,0.013100481396762342,211,157.559998,0.0028560358321405577,221,156.639999,0.005873333796433622,232,155.979996,0.004231331048373699,221,156.380005,-0.0025579293209513354,234,156.100006,0.0017937154979994485,286,154.360001,0.011272382668616299,279,153.72999572753906,0.004098126692203996,284,152.3800048828125,0.008859371017870599,313,151.75,0.004151598023064418,,,
424,GRAB,Grab Holdings Limited - Class A Ordinary Shares,,424,3.49,,398,3.58,-0.025139664804469275,426,3.62,-0.011049723756906049,410,3.7,-0.021621621621621623,411,3.61,0.024930747922437657,411,3.74,-0.03475935828877019,385,3.67,0.019073569482289,373,3.66,0.002732240437158362,352,3.67,-0.0027247956403269047,372,3.74,-0.018716577540107027,343,3.72,0.005376344086021501,349,3.67,0.013623978201634968,360,3.5,0.04857142857142849,358,3.4,0.02941176470588247,363,3.35,0.014925373134328401,346,3.45,-0.02898550724637683,356,3.35,0.029850746268656803,366,3.31,0.012084592145015227,381,3.3,0.003030303030303161,365,3.35,-0.014925373134328401,357,3.5,-0.042857142857142816,299,3.62,-0.03314917127071826,304,3.57,0.01400560224089653,194,3.73,-0.04289544235924936,103,3.82,-0.023560209424083767,120,3.8,0.0052631578947368585,89,3.94,-0.035532994923857864,98,3.93,0.0025445292620864812,125,3.88,0.012886597938144506,146,3.81,0.018372703412073532,142,3.93,-0.03053435114503822,160,3.85,0.020779220779220786,220,3.9,-0.012820512820512775,228,3.89,0.0025706940874035134,231,3.77,0.03183023872679058,239,3.74,0.008021390374331583,324,3.55,0.05352112676056353,328,3.46,0.026011560693641522,305,3.490000009536743,-0.008595988538682042,325,3.4600000381469727,0.00867052023121384,317,3.490000009536743,-0.008595988538682042,,,
425,QNT,Quantinuum Inc. - Class A Common Stock,,425,61.330002,,258,66.010002,-0.07089834658693084,311,63.584999,0.038056329611574125,281,68.5,-0.07175183941605834,347,71.739998,-0.045163062312881586,,,,466,57.615002,-0.00936559462802622,470,58.709999,-0.036109675287168685,488,58.880001,-0.0028872621792244146,498,56.91,0.03461607801792299,501,58.139999,-0.02115581391736876,497,55.650002,0.044743879793571306,503,51.41,0.08247426570706096,501,51.549999,-0.0027157905473480515,498,47.34,0.08893111533586806,503,49.779999,-0.049015649839607156,498,52.830002,-0.05773240364442922,496,52.290001,0.01032704130183526,501,56.459999,-0.07385756418451239,466,54.880001,0.028790050495808073,461,58.580002,-0.0631615034769033,429,57.349998,0.02144732420042983,395,56.07,0.02282857142857142,393,56.52,-0.0079617834394905,316,60.509998,-0.06593948325696519,212,66.629997,-0.09185050691207441,150,64.089996,0.0396317859030606,109,70.449997,-0.090276810089857,151,73.510002,-0.041627056410636576,99,75.610001,-0.02777409036140599,132,77.599998,-0.025644291898048843,401,83.169998,-0.06697126528727348,403,74.559998,0.11547747090873073,420,78.410004,-0.04910095400581804,426,81.739998,-0.040738855902590076,420,72.839996,0.12218564646818497,420,75.57,-0.03612549953685318,413,71.68,0.05426897321428559,303,71.0999984741211,0.008157552972083204,302,77.45999908447266,-0.0821069078505926,326,68.2699966430664,0.13461260295646404,,,
426,ACMR,ACM RESEARCH CLASS A,Information Technology,426,81.724998,,417,85.639999,-0.04571463154734512,,,,474,81.190002,-0.009483975625471763,490,81.260002,-0.0008614324178825017,484,79.919998,0.016766817236406828,491,79.410004,0.006422289060708408,489,83.800003,-0.05238662103627856,493,78.980003,0.06102810606375897,485,79.900002,-0.011514380187374718,479,82.510002,-0.03163252862362065,476,78.639999,0.0492116359258854,476,78.470001,0.002166407516676516,464,78.650002,-0.0022886331267989446,451,65.300003,0.20444101664130088,467,72.019997,-0.09330733518358791,483,79.970001,-0.09941232838048852,466,84.32,-0.051589172201138456,455,88.419998,-0.04636957806762232,444,89.510002,-0.012177454760865625,447,95.269997,-0.0604596954065193,447,82.519997,0.15450800367818718,423,83.919998,-0.016682567127801917,429,84.089996,-0.0020216197893503374,417,91.959999,-0.08558072080883772,372,98.894997,-0.07012486182693356,254,94.080002,0.05117979270451123,141,103.0,-0.08660192233009711,113,106.040001,-0.02866843616872472,129,98.07,0.08126849189354557,348,94.660004,0.03602361985955538,313,98.519997,-0.039179792098450905,328,97.769997,0.0076710649791673635,52,117.160004,-0.16550022480367954,36,126.889999,-0.07668055068705615,124,118.879997,0.06737888797221281,214,104.5,0.1376076267942583,153,106.860001,-0.022084980141446886,57,101.5999984741211,0.051771684089993775,58,99.12000274658203,0.025020126361376294,57,103.16999816894531,-0.039255549854716576,,,
427,TEM,"Tempus AI, Inc. - Class A Common Stock",,427,49.900002,,462,51.639999,-0.033694752782625015,464,52.099998,-0.008829155809180533,418,54.290001,-0.04033897512729823,456,54.610001,-0.0058597325423963564,382,55.689999,-0.019393033208709554,395,55.060001,0.011442026671957484,442,52.049999,0.05782905010238326,485,46.119999,0.1285776263785261,488,46.700001,-0.012419742774737896,486,47.049999,-0.00743885244290865,478,46.049999,0.021715527073084218,471,43.869999,0.049692273756377414,447,44.290001,-0.00948299820539622,443,41.549999,0.06594469472791076,452,42.900002,-0.031468599931533836,461,42.91,-0.00023299930086218001,450,42.689999,0.005153455262437268,413,46.009998,-0.07215820787473193,379,46.959999,-0.020230004689736014,397,48.98,-0.041241343405471476,374,48.41,0.011774426771328228,359,52.470001,-0.07737756665947093,338,53.59,-0.020899402873670425,130,57.25,-0.06393013100436673,139,58.669998,-0.024203137010504028,232,55.93,0.048989772930448705,152,58.23,-0.0394985402713377,114,61.5,-0.05317073170731712,131,57.27,0.07386066003142999,207,60.09,-0.04692960559161263,102,60.700001,-0.010049439702645047,142,60.27,0.007134577733532321,180,61.599998,-0.021590877324379032,201,57.93,0.06335228724322461,204,58.310001,-0.006516909509228119,151,56.139999,0.03865340289728181,167,54.869999,0.023145617334529245,239,51.939998626708984,0.05641124482886495,331,48.61000061035156,0.06850438040517637,339,47.849998474121094,0.015883030966897804,,,
428,RIOT,RIOT PLATFORMS,Information Technology,428,19.275,,268,20.040001,-0.0381737006899352,349,19.014999,0.05390492000551772,404,19.209999,-0.01015096356850409,353,20.32,-0.05462603346456696,356,20.24,0.0039525691699606735,413,19.4,0.04329896907216502,398,20.52,-0.05458089668615984,362,21.209999,-0.03253177899725501,356,21.5,-0.01348841860465122,405,21.559999,-0.0027828851012470235,364,21.42,0.006535901027077573,420,20.17,0.06197322756569168,427,22.120001,-0.08815555659332908,437,18.24,0.21271935307017542,428,21.24,-0.14124293785310738,420,21.969999,-0.03322708389745499,413,22.530001,-0.024855835558995176,416,23.860001,-0.05574182498986491,408,23.379999,0.02053045425707678,439,21.49,0.08794783620288515,467,19.9,0.07989949748743719,471,18.26,0.08981380065717404,488,18.82,-0.029755579171094504,487,20.1,-0.06368159203980106,487,20.190001,-0.0044577016118027,477,20.190001,0.0,481,20.965,-0.036966324827092834,476,21.51,-0.02533705253370533,471,21.09,0.019914651493598834,470,21.17,-0.0037789324515825617,463,22.870001,-0.07433322805713904,464,22.110001,0.03437358505773003,468,23.959999,-0.07721193978346996,367,27.379999,-0.12490869703830165,367,27.75,-0.013333369369369352,305,28.57,-0.0287014350717536,313,27.76,0.029178674351584943,255,27.420000076293945,0.012399708242158969,191,28.690000534057617,-0.04426632818869536,175,28.6299991607666,0.0020957737371907204,,,
429,ODFL,Old Dominion,Industrials,429,208.690002,,427,211.960007,-0.01542746221932323,437,210.970001,0.004692638741562005,372,215.729996,-0.0220645950412941,393,212.550003,0.01496115245879337,412,209.440002,0.014849126099607313,370,212.550003,-0.0146318558273556,342,216.360001,-0.01760953033088597,329,211.410004,0.02341420418307183,267,215.449997,-0.018751418223505567,234,219.320007,-0.017645494603691136,263,211.520004,0.03687595902276941,251,212.139999,-0.0029225747285875903,254,212.470001,-0.0015531698519641868,241,222.789993,-0.04632161373603527,242,226.279999,-0.015423395860983735,255,226.770004,-0.002160801655231248,188,232.990005,-0.026696428458379606,198,230.710007,0.009882527548967568,217,232.800003,-0.008977645932418676,229,234.789993,-0.008475616761060234,239,231.759995,0.013073861172632428,283,233.839996,-0.008894975348870626,277,237.149994,-0.013957402841005218,375,225.229996,0.0529236700781186,369,228.610001,-0.014785026837036752,317,232.899994,-0.018419893132328613,407,227.625,0.023151556843308052,408,225.850006,0.00785917180803608,413,218.25,0.034822478808705704,399,215.509995,0.0127140506870691,381,216.440002,-0.004296835110914388,346,217.649994,-0.00555934772963973,351,217.960007,-0.0014223389155975097,362,216.600006,0.006278859475193022,316,219.690002,-0.014065255459372206,304,218.789993,0.004113574792243835,274,220.119995,-0.006042168045660601,238,219.0399932861328,0.004930615570280628,225,217.5800018310547,0.006710134141831636,241,219.52000427246094,-0.008837472506605826,,,
430,POOL,Pool Corporation - Common Stock,,430,190.759995,,441,190.470001,0.0015225179738409533,444,194.839996,-0.02242863421122232,397,200.570007,-0.028568633394922216,414,199.410004,0.005817175551533493,414,201.5,-0.010372188585607955,397,199.979996,0.0076007802300386285,369,206.309998,-0.03068199341458966,366,201.080002,0.026009528287154193,376,206.630005,-0.02685961799207237,388,203.440002,0.015680313451825523,398,195.580002,0.040188157887430576,393,185.710007,0.05314735139717053,372,190.679993,-0.02606453840178191,348,193.449997,-0.014318966363178642,375,192.160004,0.006713119135863588,391,184.610001,0.0408970421922048,377,183.770004,0.004570914630877443,368,183.330002,0.0024000545202633727,317,196.190002,-0.06554870211989694,338,196.360001,-0.0008657516761777506,305,201.029999,-0.02323035379411209,312,201.169998,-0.0006959238524225642,183,207.919998,-0.03246440970050413,244,202.369995,0.02742502909089861,189,210.070007,-0.03665450441956719,185,210.820007,-0.0035575371174331183,208,210.440002,0.0018057640961246513,147,207.970001,0.011876717738728004,204,204.199997,0.018462311730592207,149,209.619995,-0.02585630249633386,131,215.220001,-0.026019914385187692,104,219.470001,-0.0193648333741977,124,215.690002,0.0175251470394997,134,214.899994,0.0036761657610842047,157,211.619995,0.015499475841117993,141,211.610001,4.722839162973891e-05,80,207.380005,0.020397318439644208,91,205.36000061035156,0.009836404315171299,125,194.83999633789062,0.05399304668431637,134,195.61000061035156,-0.003936429610263081,,,
431,AUR,"Aurora Innovation, Inc.  - Class A Common Stock",,431,6.035,,224,6.97,-0.13414634146341453,189,6.99,-0.0028612303290415086,294,6.84,0.021929824561403466,301,6.87,-0.004366812227074246,273,6.95,-0.01151079136690647,317,6.98,-0.004297994269340966,267,7.06,-0.011331444759206666,304,6.78,0.041297935103244754,350,6.69,0.013452914798206317,326,7.23,-0.07468879668049788,345,6.79,0.06480117820324005,401,6.45,0.05271317829457356,392,6.24,0.033653846153846256,390,5.98,0.04347826086956519,378,6.21,-0.03703703703703698,383,6.21,0.0,400,5.95,0.043697478991596705,423,5.99,-0.006677796327211993,325,6.61,-0.09379727685325268,380,6.31,0.04754358161648198,372,6.09,0.03612479474548436,385,6.06,0.004950495049504955,395,5.95,0.018487394957983128,381,6.02,-0.011627906976744096,351,6.13,-0.01794453507340954,395,6.05,0.013223140495867813,358,6.38,-0.051724137931034475,392,6.28,0.015923566878980777,402,6.15,0.021138211382113692,404,6.31,-0.025356576862123448,379,6.79,-0.07069219440353469,437,6.63,0.02413273001508287,353,7.07,-0.062234794908062274,378,6.82,0.03665689149560114,368,6.62,0.030211480362537735,368,6.36,0.04088050314465397,391,6.24,0.019230769230769162,417,6.230000019073486,0.0016051364365969878,451,6.420000076293945,-0.029595015576323935,443,6.559999942779541,-0.021341463414634054,,,
432,SIRI,SiriusXM Holdings Inc. - Common Stock,,432,28.584999,,425,29.125,-0.018709235108453015,459,28.459999,0.023366163856857414,438,27.99,0.01679167559842809,416,28.440001,-0.015822819415512668,419,28.51,-0.002455243774114435,393,28.780001,-0.009381549361308084,367,29.91,-0.03777997325309268,348,29.879999,0.0010040495650618375,328,30.700001,-0.02671016199641163,312,30.75,-0.0016259837398373556,295,30.370001,0.012512314372330913,295,29.620001,0.025320728382149715,245,30.969999,-0.04359050834970979,184,32.59,-0.04970853022399513,195,31.68,0.028724747474747625,191,31.219999,0.014734177281684024,252,29.799999,0.04765100831043667,264,29.870001,-0.0023435553283041033,279,29.83,0.0013409654710023755,283,30.290001,-0.015186562720813424,268,30.6,-0.01013068627450986,241,30.59,0.0003269042170643832,121,31.219999,-0.02017934081291939,154,30.65,0.018597030995106234,175,30.389999,0.008555479057436033,176,30.67,-0.009129475057059078,194,30.42,0.008218277449046685,185,30.690001,-0.008797686256184822,166,30.26,0.014210211500330416,186,30.709999,-0.014653175338755209,207,30.75,-0.00130084552845533,250,30.51,0.007866273352999054,275,29.950001,0.018697795702911746,323,29.540001,0.013879484973612577,330,29.24,0.010259952120382998,349,28.35,0.031393298059964714,362,27.76,0.02125360230547546,345,27.899999618530273,-0.005017921146953319,344,28.079999923706055,-0.0064102564102563875,288,27.940000534057617,0.005010701323883149,,,
433,HONA,Honeywell Aerospace,Industrials,433,162.730103,,469,161.559998,0.007242541560318783,448,166.360001,-0.02885310754476378,435,169.809998,-0.02031680725889884,418,167.800003,0.011978515876426954,431,165.929993,0.011269873313379808,432,163.089996,0.0174136799905249,423,168.509995,-0.03216425826847835,475,156.470001,0.07694761886018009,296,203.639999,-0.23163424784734943,219,216.479996,-0.059312625818784714,285,208.270004,0.03941994450626707,185,206.740005,0.007400594771195923,193,204.320007,0.011844155819747959,182,205.190002,-0.004239948299235352,133,215.899994,-0.04960626353699671,165,210.830002,0.024047772859196792,292,204.070007,0.03312586253794758,169,195.869995,0.04186456429939667,184,207.779999,-0.05732026209125174,192,200.139999,0.038173278895639484,193,202.470001,-0.01150788753144727,189,211.630005,-0.04328310628731502,336,208.369995,0.01564529480360166,394,212.550003,-0.019665998310995136,265,207.509995,0.02428802525873519,285,213.050003,-0.02600332279741857,284,220.75,-0.034881073612684,306,223.119995,-0.010622064598020398,294,224.350006,-0.005482553898394027,287,238.139999,-0.05790708431135916,305,237.699997,0.0018510812181458114,298,247.149994,-0.03823587792601768,304,227.289993,0.0873773664113755,311,221.080002,0.028089338446812606,,,,,,,,,,,,,,,,,,,,,
434,WSC,WillScot Holdings Corporation - Class A Common Stock,,434,23.280001,,452,23.58,-0.012722603901611507,430,23.76,-0.00757575757575768,430,22.99,0.03349282296650724,442,22.049999,0.04263043277235523,,,,,,,,,,,,,,,,,,,,,,,,,,,,,,,,,,,,,,,,,,,,,,,,,,,,,,,,,,,,,,,,,,,,,,,,,,,,,,,,,,,,,,,,,,,,,,,,,,,,,,,,,,,,,,,
435,SYNA,SYNAPTICS,Information Technology,435,102.870003,,406,110.580002,-0.06972326696105502,427,108.629997,0.017950888832299228,447,107.309998,0.012300801645714454,430,110.040001,-0.0248091873427011,416,106.919998,0.029180724451566054,428,104.709999,0.02110590221665465,459,106.190002,-0.01393731021871547,463,102.099998,0.040058805877743575,464,100.120003,0.019776217945179253,453,106.559998,-0.060435389647811366,427,105.720001,0.007945488006569246,391,107.32,-0.014908674990682047,405,108.849998,-0.014056022306955018,395,103.639999,0.05027015679535074,400,110.870003,-0.06521154328822376,369,116.419998,-0.04767217913884525,425,113.0,0.030265469026548697,432,117.599998,-0.039115629916932515,424,120.620003,-0.02503734807567526,430,119.32,0.010895097217566319,419,113.599998,0.050352131168171166,425,114.050003,-0.00394568161475628,425,115.550003,-0.012981392999184993,432,121.589996,-0.04967508182169855,420,122.839996,-0.01017583882044415,423,119.150002,0.03096931546841275,404,126.760002,-0.060034710318164874,404,129.5,-0.021158285714285685,352,123.370003,0.049687905089862205,423,119.370003,0.033509256090074935,411,124.209999,-0.0389662349164015,388,119.519997,0.03924031222992741,312,126.68,-0.0565203899589517,365,124.230003,0.019721459718551326,431,117.379997,0.05835752406775052,424,121.0,-0.02991738016528922,462,125.620003,-0.03677760619063186,448,130.11000061035156,-0.034509245757365026,379,134.41000366210938,-0.03199168865436519,300,143.7899932861328,-0.06523394851267583,,,
436,CACC,Credit Acceptance Corporation - Common Stock,,436,577.775024,,466,579.130005,0.008174975622111225,456,587.27002,-0.02414561022542927,421,582.890015,0.0075142906676830545,421,577.25,0.009770489389345993,425,572.210022,0.008807916335306754,403,581.25,-0.015552650322580686,394,585.580017,-0.007394407039678752,406,581.299988,0.007362857540606171,421,592.52002,-0.018936123035977803,423,587.849976,0.007944278626627055,412,572.969971,0.025969956111364878,395,568.909973,0.00713645074385072,382,555.669983,0.0238270743517921,375,556.710022,-0.0018681880312907406,392,558.549988,-0.003294183223579328,407,552.72998,0.0105295681627402,363,574.080017,-0.03719000203415901,323,592.570007,-0.03120304737259516,281,606.219971,-0.022516519832699422,281,618.474976,-0.01982280655228319,236,615.75,0.004425458384084369,211,640.0,-0.037890624999999956,125,637.549988,0.0038428547503948085,115,616.280029,0.03451346465747629,115,617.780029,-0.0024280487059901157,148,626.130005,-0.013335850276014138,162,625.969971,0.0002556576312189307,180,627.109985,-0.0018178852629815445,138,628.960022,-0.0029414222451167316,111,646.580017,-0.027251066436839833,105,657.200012,-0.016159456491306345,102,657.119995,0.0001217692363781886,127,655.719971,0.0021350943419717883,177,636.73999,0.02980805556126609,142,638.22998,-0.002334565981998993,136,628.859985,0.014899970142002061,92,623.700012,0.008273164823989099,108,602.1400146484375,0.03580562072427629,138,589.969970703125,0.020628243127987833,199,577.530029296875,0.021539905070459886,,,
437,MIDD,The Middleby Corporation - Common Stock,,437,115.07,,455,114.879997,0.001653925878845497,465,117.910004,-0.025697624435667032,443,117.019997,0.007605597528770991,432,118.949997,-0.01622530515910814,,,,,,,,,,,,,,,,,,,,,,,,,429,133.320007,0.0019501574133580224,425,133.020004,0.0022553224400745364,431,135.089996,-0.015323059155320506,439,136.0,-0.006691205882352835,441,133.880005,0.015835038249363498,448,131.139999,0.02089374729978477,436,130.990005,0.0011450797333734108,450,131.110001,-0.0009152314780320747,425,129.559998,0.011963592342753904,422,133.220001,-0.02747337466241262,394,138.309998,-0.03680136702771131,404,133.940002,0.032626518849835584,406,134.589996,-0.004829437694611527,408,134.919998,-0.002445908722886081,430,135.669998,-0.00552811978371226,454,133.289993,0.017855841585946886,457,132.220001,0.008092512417996467,373,139.259995,-0.05055288132101399,147,179.199997,-0.22287947917766981,165,175.119995,0.023298321816420886,182,171.75,0.019621513828238735,169,172.009995,-0.0015115110026019396,151,173.020004,-0.005837527318517388,139,173.360001,-0.00196121941646743,101,171.770004,0.009256546329241555,99,168.91000366210938,0.016932093613590826,109,163.77000427246094,0.03138547886950027,115,166.64999389648438,-0.017281668789018934,,,
438,NBIX,"Neurocrine Biosciences, Inc. - Common Stock",,438,154.619995,,444,154.490005,0.0008414136565015884,457,152.720001,0.011589863727148542,451,150.820007,0.012597758333216413,428,156.490005,-0.03623233317680574,417,161.940002,-0.03365442097499782,396,164.919998,-0.018069342930746357,403,163.410004,0.009240523609558293,389,159.820007,0.022462750861974357,383,161.5,-0.010402433436532466,330,166.059998,-0.027459942520293268,310,166.229996,-0.0010226674131664781,255,166.800003,-0.0034173080920149035,184,185.5,-0.10080860916442047,233,180.789993,0.026052365630657492,228,182.830002,-0.01115795535570796,235,176.410004,0.03639248259412775,236,175.770004,0.0036411218378307186,212,174.149994,0.009302383323653851,241,172.690002,0.00845440953784915,182,179.050003,-0.03552080923450196,249,173.0,0.03497111560693633,221,170.880005,0.012406337417885549,177,171.550003,-0.0039055551634119556,164,172.050003,-0.002906131887716379,199,172.039993,5.8184145589779135e-05,187,174.100006,-0.011832354560631031,213,177.110001,-0.016995059471542784,187,180.550003,-0.019052904695880835,206,178.240005,0.012960042275582229,223,177.490005,0.00422559005505696,249,174.100006,0.019471561649457847,164,174.259995,-0.0009181051566080622,254,167.770004,0.03868385793207718,228,168.535004,-0.00456858331541532,198,170.0,-0.008617623529411866,198,168.520004,0.008782316430516968,225,164.179993,0.02643446939360028,211,166.05999755859375,-0.011321239447443676,246,161.44000244140625,0.028617417881350304,255,161.6199951171875,-0.0011136802720479455,,,
439,WWD,"Woodward, Inc. - Common Stock",,439,365.244995,,446,370.399994,-0.01391738413473076,440,370.559998,-0.0004317897259920045,454,358.540009,0.03352481926222084,435,362.700012,-0.011469541942005779,438,356.579987,0.017163119701386842,422,356.109985,0.0013198225823407572,409,362.890015,-0.018683429468292267,403,365.779999,-0.00790088033216918,388,373.279999,-0.02009215607611492,401,373.670013,-0.0010437390917960032,389,363.570007,0.027780085830897416,384,360.75,0.00781706722106712,390,356.279999,0.012546314731521013,365,385.420013,-0.07560586637207134,372,410.549988,-0.06121051208020012,368,419.76001,-0.021941161093454453,364,419.0,0.0018138663484488227,380,411.940002,0.01713841327796084,374,404.589996,0.0181665539748046,375,406.869995,-0.005603753110376308,394,390.75,0.041253985924504244,380,392.880005,-0.005421515406466071,323,394.119995,-0.0031462245400668554,240,401.98999,-0.0195775894817678,255,397.890015,0.010304292255235437,208,396.929993,0.0024186179349767745,234,406.399994,-0.023302168158988668,172,403.480011,0.007236995440649041,171,399.579987,0.00976030864128341,169,404.839996,-0.012992809633364355,108,423.480011,-0.044016280617315884,88,418.019989,0.013061628973919603,82,420.929993,-0.006913273105725204,96,425.440002,-0.010600810875325162,98,423.320007,0.0050080198548234645,85,431.619995,-0.01922985055407367,78,436.440002,-0.011043916638970197,62,432.79998779296875,0.008410383782173403,72,428.25,0.01062460712200819,98,426.82000732421875,0.003350342009623697,,,
440,VRSK,Verisk Analytics,Industrials,440,180.919998,,463,175.619995,0.03017881306738457,438,181.669998,-0.03330215812519577,374,185.940002,-0.022964418382656615,385,180.380005,0.03082379890165754,398,180.970001,-0.0032601867532728868,342,181.179993,-0.00115902421963332,290,191.820007,-0.05546873950432085,319,189.75,0.010909127799736407,342,188.75,0.005298013245033095,252,192.800003,-0.021006239299695473,216,193.110001,-0.0016052923121263607,162,194.850006,-0.008929971498178979,125,200.350006,-0.027451958249504638,84,213.149994,-0.06005155224165748,99,212.259995,0.004192966272330345,107,206.660004,0.027097604236957284,140,201.339996,0.02642300638567585,160,193.169998,0.04229434220939443,127,192.279999,0.004628661351303576,153,195.25,-0.01521127272727274,133,201.789993,-0.03240989755126267,156,200.679993,0.0055311941335378645,139,201.490005,-0.004020110079405725,238,191.940002,0.049755146923464055,233,190.539993,0.0073475860786873515,236,193.725006,-0.01646623169289685,289,185.389999,0.044959313042555404,274,187.009995,-0.008662617203962886,250,189.669998,-0.014024374060466749,215,192.25,-0.013420036410923264,250,187.789993,0.023749971597261776,240,188.350006,-0.002973257139158192,292,183.720001,0.025201420502931615,270,179.529999,0.023338729033246297,243,179.210007,0.0017855699319291318,202,182.179993,-0.016302481689084325,150,177.039993,0.029032988043554475,126,180.05999755859375,-0.01677221500357895,152,174.75999450683594,0.0303273240537687,200,168.99000549316406,0.034143972005918455,,,
441,TENB,TENABLE HOLDINGS,Information Technology,441,35.935001,,488,35.290001,0.018277131814192993,388,38.330002,-0.07931126640692598,340,40.029999,-0.04246807500544769,437,37.0,0.08189186486486477,360,37.84,-0.022198731501057223,411,36.700001,0.03106264220537769,433,36.380001,0.008796041539416155,423,36.169998,0.005805999768095038,431,36.0,0.004722166666666583,434,35.939999,0.001669476952406157,393,34.970001,0.027738003210237228,402,32.639999,0.07138486738311478,384,32.549999,0.0027649770434710064,364,31.48,0.033989803049555345,316,31.370001,0.003506502916592158,135,32.439999,-0.03298390977139065,142,32.25,0.005891441860465196,213,31.620001,0.019924066416063813,72,32.830002,-0.036856561872886884,76,34.09,-0.03696092695805231,30,37.759998,-0.0971927487919888,16,39.880001,-0.053159552327995074,21,39.77,0.0027659290922805724,11,40.189999,-0.010450336164477103,9,42.650002,-0.05767884840896376,17,39.200001,0.08801022734667785,10,39.779999,-0.014580141140777658,17,41.369999,-0.03843364849972575,25,39.529999,0.04654692756253298,25,40.619999,-0.026834072546382925,25,41.290001,-0.016226737315893858,69,38.599998,0.06968920050203109,57,37.900002,0.018469550476540864,56,36.880001,0.027657293176320596,63,33.490002,0.10122421013889471,,,,,,,,,,,,,,,,,,
442,AAL,"American Airlines Group, Inc. - Common Stock",,442,14.21,,440,14.43,-0.01524601524601521,445,14.83,-0.02697235333782877,424,15.06,-0.015272244355909681,427,14.93,0.008707300736771728,426,15.29,-0.023544800523217724,434,15.0,0.019333333333333202,407,15.94,-0.05897114178168128,388,16.030001,-0.005614534896161261,399,16.58,-0.03317243667068759,411,16.559999,0.0012077899280065196,408,16.040001,0.032418825909050764,414,15.27,0.05042573673870332,404,15.43,-0.010369410239792654,399,14.84,0.03975741239892172,404,15.36,-0.03385416666666663,412,14.95,0.027424749163879714,422,14.475,0.032815198618307395,420,13.555,0.06747787610619471,360,14.79,-0.08350236646382692,328,15.28,-0.032068062827225186,303,15.14,0.009247027741083214,314,14.98,0.010680907877169465,213,15.6,-0.03974358974358971,172,15.63,-0.0019193857965451588,142,15.67,-0.00255264837268665,63,16.309999,-0.0392396713206421,66,16.950001,-0.03775822786087146,67,17.059999,-0.0064477143287055005,73,16.52,0.03268759079903161,40,17.200001,-0.03953493956192211,41,17.75,-0.030985859154929574,50,17.92,-0.009486607142857206,53,18.15,-0.012672176308539784,61,18.07,0.004427227448810189,60,17.92,0.008370535714285587,61,17.870001,0.002797929334195537,62,17.57,0.01707461582242442,39,17.434999465942383,0.00745407067350512,69,16.139999389648438,0.08023544487208478,68,16.079999923706055,0.003731281094527361,,,
443,SMMT,Summit Therapeutics Inc.  - Common Stock,,443,12.82,,,,,,,,,,,,,,,,,,,,,,,,,,,,,,,,,,,,,,,,,,,,,,,,,,,,,,,,,,,,,,,,,,,,,,,,,,,,,,,,,,,,,,,,,,,,242,15.93,-0.003138731952291196,264,15.42,0.03307392996108938,,,,453,14.57,-0.013040494166094652,443,14.32,0.01745810055865915,451,14.01,0.022127052105638922,428,14.18,-0.011988716502115637,453,14.25,-0.0049122807017544234,471,14.25,0.0,478,14.279999732971191,-0.0021008403361344463,,,
444,RIVN,"Rivian Automotive, Inc. - Class A Common Stock",,444,14.775,,460,14.87,-0.006388702084734299,436,15.36,-0.03190104166666663,429,15.82,-0.029077117572692823,406,15.93,-0.0069052102950407646,386,16.360001,-0.026283678100019747,368,16.389999,-0.0018302624667639877,395,16.0,0.02437493749999997,361,15.38,0.0403120936280883,347,15.56,-0.011568123393316143,444,15.76,-0.012690355329949221,442,15.355,0.026375773363725097,385,15.22,0.008869908015768813,282,16.83,-0.09566250742721316,280,16.33,0.030618493570116367,268,16.690001,-0.021569860900547577,211,16.48,0.012742779126213577,229,15.84,0.04040404040404044,197,16.459999,-0.03766701322399835,174,17.18,-0.04190925494761355,264,17.76,-0.03265765765765771,288,17.24,0.030162412993039567,224,17.455,-0.012317387568032023,324,17.09,0.021357519016968807,255,17.799999,-0.039887586510538586,130,17.5,0.017142800000000014,95,17.309999,0.010976372673389356,138,17.48,-0.009725457665903825,189,18.120001,-0.035320141538623395,259,16.66,0.08763511404561819,379,16.49,0.01030927835051565,163,20.139999,-0.18123133968378058,187,18.629999,0.08105207090993383,276,17.18,0.08440040745052402,226,17.35,-0.009798270893371819,258,16.809999,0.03212379727089809,297,15.63,0.07549577735124768,336,14.86,0.05181695827725452,347,14.640000343322754,0.015027322404371546,323,14.890000343322754,-0.016789791806581578,286,15.100000381469727,-0.013907284768211903,,,
445,SIMO,"Silicon Motion Technology Corporation - American Depositary Shares, each representing four ordinary shares",,445,257.730011,,434,272.700012,-0.05489549080034517,449,268.899994,0.014131714707290133,475,249.119995,0.07939948377086314,492,241.309998,0.03236499550258998,500,224.0,0.07727677678571432,502,230.610001,-0.028663115091873248,494,256.119995,-0.09960172769798781,484,267.429993,-0.042291434379239656,483,246.649994,0.08424893373401021,473,268.48999,-0.0813437998191292,467,251.520004,0.06746972698044318,449,253.600006,-0.00820190043686353,455,255.100006,-0.005880046902076552,500,209.679993,0.21661586472868688,486,221.419998,-0.05302143034072282,499,244.449997,-0.09421149225868064,472,270.899994,-0.09763749570256541,435,289.079987,-0.06288914424228209,463,281.679993,0.026270925106136378,460,278.170013,0.01261811063725271,468,252.610001,0.1011836898729912,433,264.329987,-0.04433846546513853,399,272.450012,-0.029803724141513332,386,293.399994,-0.0714041664227163,227,308.410004,-0.048669011398216555,238,299.51001,0.029715180470929914,101,326.350006,-0.08224297688537496,133,324.26001,0.006445432478707325,225,313.299988,0.03498251650108597,407,294.899994,0.062394012798792975,389,318.859985,-0.07514267116333206,410,300.709991,0.060357136587457116,188,316.980011,-0.05132822081957711,163,333.329987,-0.04905042041717067,181,331.940002,0.004187458551621059,295,305.279999,0.08732967468333896,232,325.26001,-0.061427812782764324,178,321.6600036621094,0.011191960315961369,132,319.0,0.008338570532915313,95,336.8999938964844,-0.053131476161439095,,,
446,SANM,Sanmina Corporation - Common Stock,,446,201.335007,,311,217.029999,-0.07231715464367672,406,210.839996,0.02935877024015876,442,206.559998,0.020720362323009,425,208.899994,-0.011201513007223829,420,202.75,0.030332892725030813,423,199.149994,0.018076857185343354,424,202.729996,-0.017658965474453114,411,205.660004,-0.014246853753829503,425,199.169998,0.03258525915133048,418,207.460007,-0.03995955230060311,434,193.229996,0.07364286753905436,454,185.559998,0.04133432896458644,452,183.479996,0.01133639658461738,470,163.850006,0.11980463400166119,458,172.429993,-0.04975924925079589,425,208.899994,-0.17458114910237865,426,208.429993,0.0022549585749878087,419,218.559998,-0.04634885199806793,437,217.360001,0.005520781167092537,421,219.410004,-0.009343252188263818,448,201.869995,0.08688764766650925,463,197.240005,0.02347388908249104,450,198.050003,-0.0040898661334531905,460,207.330002,-0.044759556795836986,455,207.589996,-0.0012524399297161315,458,201.800003,0.02869173891934973,466,208.789993,-0.03347856810359684,463,212.880005,-0.019212757910260336,466,209.559998,0.015842751630490204,466,205.75,0.018517608748481296,465,217.610001,-0.05450117616607153,438,219.770004,-0.009828470494999797,375,246.389999,-0.10804007917545388,343,253.080002,-0.026434340710966286,384,240.410004,0.052701625511391015,411,236.550003,0.0163179072122015,268,253.559998,-0.06708469448718013,220,248.80999755859375,0.019090872706811313,172,247.0399932861328,0.007164852048874515,157,253.4499969482422,-0.02529100049663835,,,
447,HIVE,HIVE Digital Technologies Ltd - Common Shares,,447,2.91,,350,3.07,-0.05211726384364812,,,,,,,,,,,,,,,,,,,,,,,,,,,,,,,,,,,,,,,,,,,,,,,,,,,,,,,,,,,,,,,,,,,,,,,,,,,,472,3.35,-0.047761194029850795,477,3.36,-0.0029761904761904656,475,3.24,0.03703703703703698,481,3.18,0.018867924528301883,480,3.38,-0.059171597633136064,481,3.24,0.043209876543209846,481,3.46,-0.06358381502890165,475,3.64,-0.0494505494505495,469,3.76,-0.031914893617021156,447,4.03,-0.06699751861042191,437,3.79,0.0633245382585752,386,4.139999866485596,-0.0845410628019323,171,4.630000114440918,-0.10583153347732188,139,4.900000095367432,-0.055102040816326636,,,
448,INIO,INNIO N.V. - Ordinary Shares,,448,26.25,,419,28.120001,-0.06650074443453957,443,27.43,0.025154976303317422,470,27.58,-0.0054387237128353805,469,28.24,-0.02337110481586402,482,27.450001,0.028779561793094155,484,27.129999,0.01179513497217588,484,27.35,-0.008043912248628882,502,25.969999,0.053138276978755394,502,26.110001,-0.005362006688548138,504,27.35,-0.04533817184643518,502,24.91,0.09795262946607797,501,24.42,0.02006552006551998,498,24.389999,0.0012300533509657097,495,21.77,0.12034905833716114,501,26.219999,-0.16971774102661108,506,26.92,-0.026003008915304604,498,26.280001,0.024353081265103604,499,27.99,-0.06109321186137906,499,27.434999,0.020043694604821694,472,30.370001,-0.09664148512869652,474,27.469999,0.10556978906333403,467,27.719999,-0.009018759344111116,445,28.02,-0.01070667380442536,427,30.16,-0.07095490716180375,436,30.809999,-0.021097014641253353,414,31.58,-0.02438255224825825,426,33.41,-0.05477401975456442,422,33.73,-0.009487103468722169,417,33.540001,0.005664847773856563,395,34.549999,-0.029232938617451243,400,36.169998,-0.04478847358520732,357,36.950001,-0.02110968819730208,367,38.130001,-0.030946760268902196,371,39.549999,-0.0359038694286693,369,38.32,0.03209809498956151,290,37.290001,0.02762131864785955,302,38.240002,-0.02484312108561082,302,36.47999954223633,0.04824566885964909,301,38.310001373291016,-0.047768231590492594,325,41.130001068115234,-0.06856309096612956,,,
449,NVMI,Nova Ltd. - Ordinary Shares,,449,391.75,,422,420.790009,-0.06901306680026231,447,418.119995,0.006385760145242392,466,411.5,0.016087472660996305,468,405.899994,0.013796516587285312,463,395.950012,0.02512938931291142,467,384.799988,0.028976154749776217,461,393.019989,-0.02091496928925929,465,381.320007,0.030682843242473945,448,402.380005,-0.052338579795981666,437,413.5,-0.026892370012091993,445,393.690002,0.05031877339877178,441,390.869995,0.00721469295692545,448,394.070007,-0.008120415010422155,439,366.910004,0.07402360988772583,432,402.320007,-0.0880145217336904,449,428.880005,-0.06192873925190334,444,437.980011,-0.020777217615988386,418,455.369995,-0.038188690934720104,451,454.420013,0.0020905373285133866,453,453.100006,0.0029132795906428033,451,433.170013,0.0460096322503285,449,437.459991,-0.009806560801579711,441,451.130005,-0.03030171757252098,449,472.480011,-0.04518710951350702,441,473.540009,-0.0022384549982132906,433,452.730011,0.04596558101821979,421,475.899994,-0.04868666377835673,407,473.98999,0.004029629402089396,386,451.98999,0.04867364429906962,416,446.429993,0.01245435362135261,410,466.630005,-0.043289140825824024,397,470.140015,-0.0074658822648823175,297,502.600006,-0.06458414367786536,276,542.940002,-0.07429917827274046,315,520.390015,0.0433328587213575,387,488.579987,0.06510710394693242,334,534.23999,-0.085467212965469,324,521.9299926757812,0.02358553285900178,275,527.8800048828125,-0.011271523724411647,169,583.0999755859375,-0.09470069160146899,,,
450,LSTR,"Landstar System, Inc. - Common Stock",,450,189.339996,,449,193.380005,-0.02089155494643824,462,190.190002,0.016772716580548908,439,188.639999,0.008216725022353266,448,185.850006,0.015012068388095656,456,177.740005,0.04562845038740715,436,178.350006,-0.0034202465908523827,414,182.990005,-0.0253565707045037,424,177.059998,0.03349151173039089,412,179.350006,-0.012768374259212512,383,181.619995,-0.012498563277683061,390,176.759995,0.027494909128052303,380,174.770004,0.01138634178894904,395,169.339996,0.032065714705697745,376,177.830002,-0.047742258924340475,394,185.320007,-0.04041660218586107,394,191.630005,-0.03292802711141196,360,200.279999,-0.043189504909074805,322,207.970001,-0.03697649643229073,315,210.070007,-0.009996696006203343,298,214.210007,-0.019326828181280953,311,211.169998,0.014396027034105474,328,211.559998,-0.00184344868447206,313,211.850006,-0.001368930808526847,360,207.809998,0.019440874062276903,359,211.410004,-0.017028550834330303,353,212.869995,-0.006858604003819324,389,209.320007,0.016959621064793762,399,207.699997,0.007799759380834326,390,203.710007,0.019586617558753572,353,203.949997,-0.0011767099952445514,353,203.589996,0.0017682646842822614,322,208.210007,-0.022189188053771014,326,207.350006,0.004147581264116296,293,206.809998,0.002611131015048951,269,208.899994,-0.01000476811885398,236,209.210007,-0.0014818268229396248,238,210.119995,-0.004330801549847774,210,207.67999267578125,0.011748854402166664,195,207.5,0.000867436144578404,197,209.02000427246094,-0.007272050382316486,,,
451,GT,GOODYEAR TIRE & RUBBER,Consumer Discretionary,451,6.09,,471,6.0599,0.006611570247933907,,,,,,,,,,,,,,,,,,,,,,,,,,,,,,,,,,,,,172,7.28,-0.027472527472527486,197,7.36,-0.010869565217391353,167,7.11,0.035161744022503605,108,7.21,-0.01386962552011095,64,7.03,0.02560455192034139,37,7.45,-0.05637583892617448,91,7.285,0.021947873799725626,100,7.24,0.006215469613259694,113,7.29,-0.006858710562414272,176,7.1,0.026760563380281654,222,6.74,0.053412462908011715,146,6.66,0.012012012012011963,146,6.64,0.003012048192771122,111,6.81,-0.02496328928046987,99,6.64,0.025602409638554313,102,6.5,0.021538461538461506,47,7.02,-0.07407407407407407,63,6.93,0.01298701298701288,,,,,,,,,,,,,,,,,,,,,,,,,,,,,,
452,SAIA,"Saia, Inc. - Common Stock",,452,373.869995,,458,385.220001,-0.02946369858921216,463,384.320007,0.002341782846605911,432,380.220001,0.010783246513115241,459,364.660004,0.04266987558087121,455,356.959991,0.021571081337235842,431,355.769989,0.003344863357769068,413,364.209991,-0.023173449956236936,409,361.820007,0.0066054500960750495,405,356.809998,0.01404111159463639,369,374.329987,-0.046803594711743,378,360.100006,0.03951674746709122,382,347.630005,0.03587147490332443,378,350.630005,-0.008556027599520455,346,394.440002,-0.11106884894499114,357,409.98999,-0.03792772599155403,357,419.920013,-0.023647415442426212,340,423.679993,-0.008874575297682319,320,426.549988,-0.006728390764835668,330,426.290009,0.0006098641640930325,313,433.220001,-0.015996472886763202,302,428.019989,0.012148993349934356,335,436.850006,-0.020212926356237726,349,438.290009,-0.0032855026818555677,398,417.049988,0.0509291970055159,397,432.730011,-0.036235117975212505,382,432.059998,0.0015507406450527839,422,420.820007,0.026709735309709437,423,421.290009,-0.0011156257921132173,412,414.649994,0.01601354177277514,397,416.0,-0.0032452067307692234,392,417.890015,-0.004522757022562551,394,416.690002,0.0028798699134615635,428,418.149994,-0.003491550928971243,417,421.160004,-0.00714695120954556,396,425.709991,-0.010687996749411455,402,430.51001,-0.01114961066758935,383,433.690002,-0.00733240790734202,369,428.44000244140625,0.01225375776186266,365,430.8699951171875,-0.005639735948658964,381,436.04998779296875,-0.011879355905405897,,,
453,BIDU,"Baidu, Inc. - American Depositary Shares, each representing 8 ordinary share",,453,91.525002,,407,104.120003,-0.12096619897331351,442,103.669998,0.004340744754330883,423,104.68,-0.009648471532288871,405,104.839996,-0.0015260969678021485,418,105.940002,-0.010383292233655084,401,109.5,-0.032511397260273855,396,109.709999,-0.0019141281734949,399,109.330002,0.0034756882195978722,358,111.110001,-0.016020151057329235,354,112.580002,-0.013057390068264452,323,113.059998,-0.0042454980407836684,346,111.110001,0.01755014834353208,351,107.480003,0.033773705793439524,357,105.269997,0.020993693008274583,337,104.919998,0.0033358654848620883,338,105.290001,-0.0035141323628631316,362,105.339996,-0.000474606055614335,369,107.389999,-0.019089328793084337,359,107.519997,-0.001209058813496755,354,108.220001,-0.0064683422059845785,332,109.809998,-0.01447952853983292,344,107.239998,0.023964938902740318,305,112.82,-0.04945933345151565,318,111.480003,0.012020066056151801,345,109.730003,0.015948236144675887,358,113.389999,-0.03227794366591363,348,117.529999,-0.035225049223390204,332,117.510002,0.00017017274835895435,327,117.620003,-0.0009352235775745843,409,112.089996,0.04933541972826894,395,114.389999,-0.02010667908127184,417,113.300003,0.009620441051532813,402,117.940002,-0.039342029178531024,438,114.290001,0.03193631085890014,434,112.18,0.01880906578712782,459,104.220001,0.0763768847018147,451,103.989998,0.002211780021382337,446,107.81999969482422,-0.0355221851233537,452,110.13999938964844,-0.021064091347958058,467,111.73999786376953,-0.014318946023249457,,,
454,TIGO,Millicom International Cellular S.A. - Common Stock,,454,87.300003,,437,94.260002,-0.0738383073660448,421,93.889999,0.003940813760153539,395,94.230003,-0.003608235054391229,384,96.470001,-0.023219632805850154,371,95.029999,0.015153130749796073,354,95.879997,-0.008865227644927809,304,97.139999,-0.01256437718979142,211,104.309998,-0.06873740904491232,361,91.790001,0.13639826629917984,355,92.860001,-0.011522722253685891,304,94.300003,-0.015270434296804969,237,95.480003,-0.012358608744492683,256,95.169998,0.0032573815962462227,290,94.18,0.010511764705882332,254,95.639999,-0.015265568959280218,247,95.379997,0.0027259594063522297,219,94.540001,0.008885085584037666,204,96.25,-0.01776622337662337,157,97.860001,-0.01645208444254964,146,98.610001,-0.007605719423935509,244,97.379997,0.012630971841167682,191,98.339996,-0.00976204025877725,195,95.580002,0.02887627058220832,281,94.699997,0.00929255573260468,216,98.160004,-0.0352486436328997,224,95.739998,0.02527685450755901,181,96.959999,-0.012582518694126632,178,94.43,0.026792322355183584,149,94.080002,0.0037202167576486644,211,92.949997,0.012157127880273011,187,94.809998,-0.019618194697145763,199,93.760002,0.011198762559753384,209,90.489998,0.036136634680884905,214,90.760002,-0.002974922807956748,175,92.260002,-0.016258399820975544,209,89.260002,0.033609678834647605,233,88.459999,0.009043669557355472,287,87.5199966430664,0.010740425413862775,289,87.86000061035156,-0.0038698383351941645,308,85.3499984741211,0.02940835452626489,,,
455,KLIC,KULICKE AND SOFFA INDUSTRIES INC,Information Technology,455,91.919998,,379,101.769997,-0.09678686538626902,420,99.089996,0.02704613087278762,457,95.800003,0.034342305813915175,461,95.150002,0.006831329336178138,457,91.019997,0.04537469936414085,468,86.5,0.05225430057803471,452,91.309998,-0.052677670631424145,435,90.660004,0.00716957832916032,432,93.839996,-0.033887384223673656,466,93.849998,-0.00010657432299576719,483,90.160004,0.040927172097286135,482,89.199997,0.010762410675865919,463,88.32,0.009963734148550785,461,82.860001,0.0658942666438056,474,90.93,-0.0887495765973827,458,98.220001,-0.07422114565036497,435,101.330002,-0.03069180833530427,445,106.080002,-0.0447775255509516,418,105.599998,0.004545492510331206,409,108.540001,-0.027086815670842035,441,100.059998,0.08474918218567229,454,97.220001,0.02921206511816421,432,99.019997,-0.01817810598398628,428,107.419998,-0.07819773930734952,384,110.089996,-0.024252866718243782,400,106.489998,0.03380597302668753,325,113.410004,-0.06101759770681259,346,111.389999,0.018134527499187758,358,104.230003,0.06869419355192763,392,105.870003,-0.015490695697817247,237,119.610001,-0.11487332066822742,186,121.330002,-0.014176221640546882,64,133.809998,-0.09326654350596442,58,133.759995,0.00037382626995463575,79,129.119995,0.03593556520816166,95,125.220001,0.03114513631093163,85,131.490005,-0.047684263149887274,106,123.27999877929688,0.0665964152060059,66,127.0999984741211,-0.03005506734941099,113,124.22000122070312,0.023184648018156118,,,
456,MXL,MAXLINEAR,Information Technology,456,73.940002,,237,84.760002,-0.12765455102278067,279,84.839996,-0.0009428807610976087,483,76.650002,0.10684923400262925,498,74.330002,0.03121216114053116,502,69.019997,0.07693429775141825,494,68.440002,0.008474502966846709,491,74.980003,-0.08722326938290448,491,70.199997,0.06809125647113623,497,67.459999,0.040616632680353204,498,72.720001,-0.07233225973140456,493,67.110001,0.08359409799442563,484,66.82,0.004340032924274206,474,66.919998,-0.001494291736231279,463,57.25,0.16890826200873366,476,58.939999,-0.028673210530594018,489,64.860001,-0.09127354160848677,442,71.589996,-0.09400747836331769,382,91.239998,-0.2153660941553287,422,86.800003,0.0511520143611055,404,86.059998,0.00859871040201532,420,75.010002,0.14731363425373578,452,71.839996,0.04412592116514036,448,74.400002,-0.034408681870734426,387,88.839996,-0.16253933644931728,304,92.589996,-0.04050113578145098,199,89.300003,0.03684202563800576,171,91.300003,-0.021905804318538724,248,95.800003,-0.04697285865429457,393,86.050003,0.11330621336526847,434,85.82,0.002680062922395754,374,95.68,-0.10305183946488305,368,93.120003,0.027491375832537468,125,112.389999,-0.17145650121413392,57,128.029999,-0.1221588699692171,268,108.470001,0.1803263374174764,453,96.599998,0.12287788039084635,443,94.470001,0.022546808271971974,478,84.98999786376953,0.11154257233892384,478,89.08000183105469,-0.04591382923408549,456,96.44000244140625,-0.07631687937957543,,,
457,HOOD,Robinhood Markets,Financials,457,93.470001,,461,96.25,-0.02888310649350656,482,95.559998,0.007220615471339897,467,99.370003,-0.038341600935646536,476,94.910004,0.04699187453411113,473,94.379997,0.005615670871445433,457,94.519997,-0.001481168053782289,485,93.290001,0.01318464987474921,497,90.709999,0.028442310973898266,491,92.800003,-0.022521594099517483,490,93.510002,-0.007592759970211471,481,90.339996,0.035089729249047075,462,86.559998,0.043669109142077556,432,86.599998,-0.0004618937751015295,423,89.839996,-0.03606409332431404,418,92.760002,-0.03147914981718092,397,95.650002,-0.030214322421028283,417,94.910004,0.0077968387821372165,422,101.580002,-0.06566251101274834,399,104.480003,-0.0277565171968841,403,106.360001,-0.017675799006432902,414,99.279999,0.07131347775295604,375,99.959999,-0.006802721156489722,354,106.019997,-0.05715900935179241,99,115.540001,-0.08239574102132818,109,113.449997,0.018422248173351807,161,109.860001,0.03267791705190315,102,111.970001,-0.018844333135265345,79,115.110001,-0.02727825534464201,94,113.529999,0.013917044075724805,161,112.900002,0.00558013276208813,69,117.550003,-0.039557642546380944,168,112.730003,0.042757028933992025,259,108.650002,0.037551780256755096,395,100.279999,0.08346632512431507,247,101.830002,-0.015221476672464318,137,98.690002,0.03181679943627902,163,93.470001,0.05584680586448276,97,97.19000244140625,-0.038275552252792555,78,103.25,-0.058692474576271136,85,105.70999908447266,-0.023271204458151562,,,
458,CHRW,C.H. Robinson,Industrials,458,145.899994,,476,144.779999,0.007735840639147895,466,148.570007,-0.025509913316487887,428,149.350006,-0.00522262449724975,460,146.699997,0.01806413806538809,452,145.100006,0.011026815533005552,419,148.289993,-0.02151181570289773,411,149.345001,-0.007097508921425799,407,146.660004,0.01830762939294628,286,153.600006,-0.04518230292256642,321,154.75,-0.007431302100161519,341,147.0,0.05272108843537415,322,147.729996,-0.004941420292193022,323,146.919998,0.005513190927214806,128,173.75,-0.15441727769784175,142,169.339996,0.02604230603619473,137,174.460007,-0.02934776335300715,61,186.505005,-0.06458270650699172,18,205.509995,-0.09247720530575654,32,207.350006,-0.00887393752957022,36,209.419998,-0.009884404640286504,49,205.800003,0.017589868548252507,52,208.5,-0.012949625899280504,167,205.75,0.013365735115431265,262,197.5,0.04177215189873418,232,199.610001,-0.010570617651567527,235,196.5,0.01582697709923675,304,193.5,0.015503875968992276,301,192.759995,0.0038389967793888147,274,189.949997,0.014793356379995126,261,190.949997,-0.00523697311186655,275,188.570007,0.012621254237955126,235,189.850006,-0.006742159386605495,231,191.270004,-0.0074240496173147985,242,188.339996,0.015557014241414757,233,184.75,0.019431642760487255,277,179.330002,0.030223598614580904,296,180.339996,-0.005600499181557028,289,177.27999877929688,0.017260813499891725,311,178.83999633789062,-0.008722864207623915,304,187.07000732421875,-0.04399428391532578,,,
459,ABVX,Abivax SA - American Depositary Shares,,459,119.110001,,487,120.730003,-0.013418387805390841,483,118.959999,0.014878984657691552,459,121.449997,-0.02050224834505343,440,125.519997,-0.03242511231098899,430,126.809998,-0.010172707360187716,417,127.5,-0.005411780392156951,410,130.929993,-0.026197152550065383,414,130.0,0.007153792307692308,447,125.389999,0.03676530055638638,443,125.190002,0.0015975477019323225,432,124.779999,0.0032858070466885714,361,124.919998,-0.001120709271865361,365,124.330002,0.004745403285684846,96,118.839996,0.04619661885549031,63,124.230003,-0.04338732085517216,20,128.0,-0.029453101562500028,21,125.699997,0.018297558113704593,31,131.160004,-0.04162859738857583,64,129.729996,0.011022955708716697,35,134.089996,-0.0325154756511441,103,131.5,0.019695787072243398,33,136.649994,-0.03768748061562299,26,137.770004,-0.008129563529663542,29,136.940002,0.0060610631508535295,51,134.910004,0.015047053145146982,41,135.979996,-0.007868745635203678,46,139.899994,-0.02802000120171555,57,140.740005,-0.005968530411804451,48,138.539993,0.015879977704344128,33,142.169998,-0.02553284835806202,21,143.990005,-0.012639814826036044,25,144.649994,-0.004562661786214783,279,132.559998,0.09120395430301675,285,133.259995,-0.005252866773708065,475,96.150002,0.38595935754634714,475,97.5,-0.013846133333333288,479,92.370003,0.055537477897451115,482,92.51000213623047,-0.0015133390657585677,479,98.43000030517578,-0.060144244640861544,485,101.66000366210938,-0.03177261334752646,,,
460,FRMI,Fermi Inc. - Common Stock,,460,5.985,,442,6.14,-0.025244299674267,389,6.4,-0.04062500000000013,406,6.6,-0.030303030303030165,340,7.6,-0.13157894736842102,357,7.12,0.0674157303370786,469,5.88,0.2108843537414966,477,6.18,-0.04854368932038833,490,6.19,-0.001615508885298933,487,6.19,0.0,500,6.31,-0.019017432646592614,496,6.03,0.046434494195688014,500,5.69,0.05975395430579966,481,6.73,-0.15453194650817237,493,5.86,0.1484641638225257,499,6.28,-0.06687898089171973,464,7.23,-0.13139695712309818,431,7.4,-0.02297297297297296,504,6.32,0.1708860759493671,494,6.58,-0.03951367781155013,502,6.65,-0.010526315789473717,502,6.12,0.08660130718954262,480,6.05,0.011570247933884392,439,5.93,0.02023608768971341,437,6.25,-0.05120000000000002,408,6.74,-0.07270029673590506,451,6.31,0.06814580031695727,236,6.59,-0.04248861911987867,158,7.32,-0.09972677595628421,161,7.36,-0.005434782608695676,244,7.38,-0.0027100271002709064,110,8.21,-0.10109622411693064,213,8.06,0.018610421836228408,138,8.52,-0.05399061032863839,129,9.16,-0.06986899563318782,70,9.45,-0.030687830687830653,49,9.49,-0.004214963119072768,71,8.8,0.07840909090909087,75,7.989999771118164,0.10137672090112648,37,8.6899995803833,-0.08055235903337166,32,8.970000267028809,-0.031215161649944423,,,
461,CRUS,"Cirrus Logic, Inc. - Common Stock",,461,117.339996,,467,119.870003,-0.021106256249947664,460,121.089996,-0.01007509323891631,445,121.220001,-0.0010724715305026056,413,121.889999,-0.00549674301006442,439,121.989998,-0.0008197311389414041,433,121.839996,0.0012311392393675735,421,124.919998,-0.024655796103999372,426,123.510002,0.01141604709876054,420,129.419998,-0.04566524564464913,398,133.589996,-0.031214897259223107,396,127.330002,0.04916354277603818,371,129.350006,-0.015616574459223598,368,131.860001,-0.019035302449300073,350,134.070007,-0.01648397019924075,371,136.160004,-0.01534956623532402,403,136.119995,0.0002939244891979609,416,133.610001,0.01878597396313153,424,133.529999,0.0005991312858468767,410,139.490005,-0.0427271186921242,413,139.419998,0.0005021302611121214,396,136.789993,0.019226589184780263,402,137.979996,-0.008624460316696836,401,135.479996,0.007373840933242004,406,139.070007,-0.02581441590061906,410,137.360001,0.012449082611756701,385,146.509995,-0.06245303605395658,394,150.360001,-0.025605253886637147,401,149.919998,0.002934918662419017,404,146.789993,0.02132301348362331,415,146.570007,0.001500893699213579,414,148.830002,-0.015185076729354652,399,146.240005,0.017710591571711287,411,146.419998,-0.0012292924631783775,416,148.529999,-0.014205891161421236,430,146.350006,0.014895749303898143,438,146.5,-0.001023849829351442,415,153.979996,-0.04857771265301236,393,157.6699981689453,-0.02340332369383291,362,157.77999877929688,-0.0006971796216072024,336,165.41000366210938,-0.04612783275188115,,,
462,MDLN,Medline Inc. - Class A common stock,,462,34.499001,,483,34.880001,-0.010923164824450549,472,35.740002,-0.024062701507403306,448,35.580002,0.004496908122714416,422,35.5,0.002253577464788714,436,35.040001,0.013127824967813284,456,33.810001,0.036379768223017805,418,35.23,-0.040306528526823704,434,34.509998,0.02086357698426977,446,36.665001,-0.05877547910062775,374,42.040001,-0.12785442131649805,384,40.470001,0.038794167561300386,363,39.279999,0.030295367370045234,336,39.119999,0.004089979654651854,314,40.119999,-0.023952169463464568,307,40.509998,-0.009627228320277958,305,39.700001,0.020402946589346493,246,38.75,0.024516154838709614,267,37.630001,0.029763459214364518,271,37.18,0.012103308230231313,262,39.09,-0.04886160143259155,290,38.880001,0.005401208708816663,274,39.790001,-0.022870067281476003,175,41.110001,-0.03210897513721789,206,39.439999,0.04234285097218171,254,38.66,0.02017586652871195,194,40.580002,-0.04731399471099096,147,41.040001,-0.011208552358465962,108,40.849998,0.00465123645783283,107,40.299999,0.013647618204655432,62,43.009998,-0.06300858233008988,76,42.75,0.006081824561403604,55,43.189999,-0.010187520495196112,119,41.73,0.03498679606997368,210,39.439999,0.058062907151696264,220,39.610001,-0.004291895877508223,205,38.869999,0.019037870312268224,249,37.77,0.02912361662695262,335,36.04999923706055,0.04771154085191531,357,35.29999923706055,0.02124645952539539,352,34.709999084472656,0.016997983779832415,,,
463,MYRG,MYR GROUP INC,Industrials,463,324.429993,,457,340.779999,-0.047978185480304414,469,334.390015,0.019109374423156744,479,327.279999,0.021724566187132144,479,332.679993,-0.016231796662325992,477,329.940002,0.008304512891407656,465,330.309998,-0.0011201477467842613,465,337.420013,-0.02107170507399625,472,331.125,0.01899558452880168,469,333.769989,-0.00792458605378088,468,340.329987,-0.019275404021332987,448,338.140015,0.006476524229171776,444,333.220001,0.014765062076810942,451,330.839996,0.007193824896552181,441,322.059998,0.02726199482867786,445,340.720001,-0.0547663857279691,426,369.0,-0.07663956368563674,420,379.170013,-0.02682177559225918,398,407.399994,-0.06929303243926899,394,409.070007,-0.004082462589343527,391,400.100006,0.022419397314380474,408,390.320007,0.025056360997657068,413,391.51001,-0.00303952126281537,407,398.809998,-0.01830442575815261,408,414.980011,-0.038965763582284874,391,419.040009,-0.00968880754295709,386,411.890015,0.017358988418303856,403,419.339996,-0.01776596811910114,393,430.910004,-0.02685017264068912,411,419.779999,0.026513900201329044,391,419.079987,0.0016703541608154016,280,442.720001,-0.053397212564606944,355,433.01001,0.022424403075577803,234,463.109985,-0.06499530559679034,192,500.399994,-0.07452040257218706,219,501.130005,-0.0014567297761386433,253,477.950012,0.048498781081733666,221,487.329987,-0.01924768688613454,218,470.0799865722656,0.03669588256689593,202,468.0,0.004444416666666617,211,483.0799865722656,-0.03121633560862047,,,
464,RMBS,"Rambus, Inc. - Common Stock",,464,94.719101,,454,100.610001,-0.058551833231767936,455,100.849998,-0.002379742238567073,452,99.330002,0.01530248635251219,449,101.010002,-0.0166320163027025,450,96.419998,0.0476042739598479,459,95.889999,0.005527156174023995,451,101.519997,-0.05545703473572794,459,97.68,0.039312008599508674,452,97.300003,0.0039054161180243074,452,100.550003,-0.03232222678302654,460,92.209999,0.09044576608226618,456,91.029999,0.012962759672226154,461,89.580002,0.016186614954529777,474,82.809998,0.08175346170156894,443,87.75,-0.05629631908831911,457,96.419998,-0.08991908504291823,471,96.010002,0.004270346749914777,464,103.190002,-0.06958038434770075,469,103.830002,-0.0061639216765110305,471,105.790001,-0.018527261380780313,479,100.849998,0.04898366978648827,481,101.440002,-0.005816285374284691,502,101.419998,0.0001972392072024931,507,102.889999,-0.01428711258904758,492,105.379997,-0.023628753756749443,491,103.110001,0.0220152844339514,491,112.099998,-0.08019622801420567,489,114.129997,-0.017786726131255426,488,109.639999,0.04095218935563838,506,105.93,0.03502311904087607,506,113.25,-0.06463576158940387,477,112.919998,0.002922440717719299,454,123.830002,-0.08810469049334257,382,132.740005,-0.06712372053926019,458,123.900002,0.07134788423974348,481,114.730003,0.07992677381870195,485,123.690002,-0.0724391531661549,464,124.5199966430664,-0.006665555894608599,466,128.2100067138672,-0.028780982751213657,396,140.35000610351562,-0.08649802978989551,,,
465,MKSI,MKS Inc. - Common Stock,,465,299.880005,,450,320.73999,-0.06503705696318063,471,310.730011,0.03221439399363324,469,306.290009,0.01449607192378255,467,306.829987,-0.0017598605836398606,474,294.380005,0.0422922134266559,462,292.350006,0.006943728265221827,455,304.98999,-0.041443930668019546,461,291.309998,0.04696025572043694,436,313.100006,-0.0695944030100083,440,320.76001,-0.023880794865918653,437,309.980011,0.034776432729399565,457,297.450012,0.04212472178350413,499,293.299988,0.014149417558107835,496,257.609985,0.13854277814580818,459,285.309998,-0.09708742488582545,466,315.700012,-0.09626231499794813,438,329.179993,-0.04095018314190202,438,345.299988,-0.0466840300034993,445,344.839996,0.0013339287940370426,438,345.440002,-0.0017369325976324124,418,324.279999,0.06525226059347555,448,324.690002,-0.001262752155824054,405,332.0,-0.02201806626506031,368,353.799988,-0.06161670078971282,327,358.140015,-0.012917459728321479,233,352.029999,0.01735652080037653,193,368.579987,-0.04490202556765521,148,368.779999,-0.0005423613008902484,165,349.390015,0.05549667468316155,263,349.570007,-0.0005148954326621435,233,368.059998,-0.050236350324601275,225,365.559998,0.006838822665711897,71,411.049988,-0.11066778087340556,37,444.799988,-0.07587680060818702,73,416.0,0.0692307403846153,133,388.609985,0.07048201553544753,95,410.309998,-0.052886873597459916,130,381.6199951171875,0.07517950677610585,92,389.1700134277344,-0.0194003077004804,50,420.55999755859375,-0.07463854182346663,,,
466,LIF,LIFE360,Information Technology,466,47.720001,,426,50.18,-0.04902349541650053,429,51.209999,-0.0201132399944004,,,,,,,,,,,,,,,,,,,,,,,,,,,,,,,,,,,,,,,,,,,,,,,,,,,,,,,,,,,,,,,,,,,,,,,,,,,,,,,,,,,,,,,,,,,,,,,,,,,,,,,,,,,,,,,,,,,,,
467,BTSG,BRIGHTSPRING HEALTH SERVICES INC,Health Care,467,59.740002,,480,60.380001,-0.010599519532965895,451,61.709999,-0.021552390561536128,449,60.23,0.024572455586916897,450,59.68,0.009215817694369965,453,57.889999,0.030920729502862843,426,61.450001,-0.057933310692704465,416,62.43,-0.01569756527310584,421,60.599998,0.03019805380191598,400,63.02,-0.03840053951126632,397,62.77,0.003982794328500905,392,60.465,0.03812122715620614,392,59.709999,0.012644465125514426,187,72.879997,-0.1807079931685508,230,69.370003,0.05059815263378331,183,72.459999,-0.042644162884959425,202,71.980003,0.0066684631841429365,126,72.910004,-0.012755464942780792,164,69.839996,0.043957734476387955,88,69.739998,0.0014338686961246072,56,72.559998,-0.03886438916384749,62,70.5,0.02921982978723392,59,70.690002,-0.0026878199833691996,77,68.160004,0.03711851307989966,118,68.260002,-0.0014649574724594494,108,69.669998,-0.0202382092791219,91,69.639999,0.0004307725507004534,82,71.43,-0.025059512809743834,86,71.580002,-0.002095585300486369,66,70.5,0.015319177304964349,59,70.169998,0.0047028931082482295,107,70.559998,-0.005527211041020497,90,69.029999,0.022164262236190835,86,69.849998,-0.011739427680441672,113,69.739998,0.0015772871114794196,101,68.980003,0.011017613321936182,99,68.980003,0.0,88,69.699997,-0.010329900014199422,83,67.61000061035156,0.030912527275365642,88,66.83999633789062,0.01152012337044428,119,67.19999694824219,-0.005357157977254001,,,
468,ARM,Arm Holdings plc - American Depositary Shares,,468,250.535004,,448,271.429993,-0.07698113524248607,411,279.440002,-0.02866450380285912,440,278.649994,0.0028351265638282275,451,271.869995,0.02493838645195101,469,268.929993,0.010932220564926043,471,267.850006,0.004032058897919244,463,282.570007,-0.05209328886770337,431,286.679993,-0.014336494001519151,454,274.579987,0.044067326727639466,460,280.559998,-0.021314553188726437,498,239.059998,0.17359658808329792,495,239.690002,-0.0026284116765119547,491,241.539993,-0.007659149845218427,479,224.889999,0.07403616912284305,492,244.740005,-0.08110650320530965,475,266.329987,-0.08106478073758938,494,260.01001,0.024306668039434376,480,283.040009,-0.08136658517418283,492,283.399994,-0.001270236441853978,498,289.730011,-0.021847985226494226,495,269.609985,0.0746264126679137,498,267.190002,0.00905716150262248,491,262.01001,0.019770206489438946,501,277.01001,-0.05414966773222385,481,281.170013,-0.014795329543196956,445,298.98999,-0.0596005806080665,437,323.390015,-0.07545076801459072,458,327.869995,-0.013663891384754545,473,300.23999,0.09202639861532114,479,300.429993,-0.0006324368552644843,482,322.23999,-0.06768246548170498,475,315.279999,0.022075586850023976,478,337.470001,-0.06575399867913012,433,354.570007,-0.04822744637845233,410,343.579987,0.03198678740272487,339,334.269989,0.027851731553441894,330,347.709991,-0.03865290715790792,225,359.0799865722656,-0.031664243098014855,157,366.3900146484375,-0.01995149349252867,27,407.7200012207031,-0.101368551698792,,,
469,HUBG,HUB GROUP CLASS A,Industrials,469,39.349998,,473,39.695,-0.003040359689882033,,,,,,,,,,,,,,,,,,,,,,,,,,,,,,,,,,,,,,,,,,,,,,,,,,,,,,,,,,,,,,,,,,,,,,,,,,,,,,,,,,,,,,,,,,,,,,,,,,,,,,,,,,,,,,,,,,,,,,,,
470,NXT,Nextpower Inc. - Class A Common Stock,,470,91.985001,,474,99.089996,-0.07170244511867785,470,101.470001,-0.02345525748048427,455,104.550003,-0.02945960699781147,431,103.669998,0.008488521433172913,393,104.879997,-0.011536985455863347,437,102.910004,0.019142871668725192,431,103.260002,-0.003389482793153542,439,98.43,0.049070425683226615,433,99.809998,-0.013826250151813269,455,98.440002,0.01391706595048614,458,90.669998,0.0856954248526618,447,89.870003,0.008901691034771675,430,96.900002,-0.0725490077905262,419,92.669998,0.04564588422673754,416,95.349998,-0.028106974894745118,413,103.730003,-0.08078670353455975,436,100.029999,0.036988943686783404,440,104.489998,-0.042683501630462195,442,104.959999,-0.004477905911565383,433,105.669998,-0.006719021609142173,435,100.230003,0.054275115605853186,434,103.099998,-0.02783700344979645,411,106.849998,-0.0350959295291704,411,109.129997,-0.020892504926945055,431,104.660004,0.04270965821862571,442,99.669998,0.05006527641346992,429,111.5,-0.1060986726457398,441,112.709999,-0.010735507148749046,463,109.739998,0.027063978987861725,463,108.849998,0.008176389677104101,456,115.029999,-0.053725124347779984,434,112.839996,0.019408038617796608,422,116.150002,-0.02849768353856763,454,119.139999,-0.025096500126712273,425,110.660004,0.07663107440335892,454,106.949997,0.03468917348356726,453,113.18,-0.05504508747128478,445,116.66999816894531,-0.029913414415246642,375,120.63999938964844,-0.03290783349558879,356,129.07000732421875,-0.0653134542713707,,,
471,OPEN,OPENDOOR TECHNOLOGIES CLASS A,Real Estate,471,3.445,,489,3.54,-0.026836158192090398,478,3.64,-0.027472527472527486,462,3.65,-0.002739726027397249,472,3.49,0.04584527220630363,461,3.58,-0.025139664804469275,464,3.48,0.028735632183908066,478,3.485,-0.001434720229555153,481,3.445,0.011611030478954953,462,3.76,-0.08377659574468088,449,4.12,-0.0873786407766991,436,3.94,0.045685279187817285,433,3.77,0.04509283819628651,400,3.82,-0.01308900523560208,398,3.67,0.04087193460490468,359,3.94,-0.06852791878172593,366,3.85,0.023376623376623273,391,3.835,0.003911342894393766,388,3.845,-0.002600780234070288,182,4.38,-0.12214611872146108,206,4.48,-0.022321428571428714,198,4.445,0.007874015748031482,264,4.5,-0.012222222222222134,286,4.57,-0.015317286652078876,185,4.75,-0.0378947368421052,258,4.55,0.04395604395604402,306,4.485,0.014492753623188248,172,4.765,-0.05876180482686244,94,5.3,-0.10094339622641513,196,4.79,0.10647181628392488,319,4.79,0.0,258,5.09,-0.058939096267190516,360,4.9,0.03877551020408143,358,4.94,-0.0080971659919028,386,4.62,0.06926406926406936,397,4.6,0.004347826086956719,410,4.37,0.05263157894736836,401,4.3,0.016279069767441978,421,4.28000020980835,0.004672897196261516,437,4.199999809265137,0.01904761904761898,407,4.28000020980835,-0.01869158878504673,,,
472,EOSE,EOS ENERGY ENTERPRISES CLASS A,Industrials,472,3.755,,484,3.93,-0.04452926208651409,450,4.02,-0.02238805970149238,458,4.16,-0.033653846153846256,444,4.24,-0.018867924528301883,435,4.24,0.0,438,4.05,0.04691358024691361,439,4.15,-0.024096385542168752,460,3.94,0.05329949238578702,482,3.82,0.03141361256544495,463,4.35,-0.1218390804597701,490,3.75,0.15999999999999992,479,3.38,0.10946745562130178,468,3.61,-0.06371191135734067,456,3.14,0.14968152866242024,471,3.37,-0.06824925816023741,486,3.61,-0.06648199445983372,488,3.47,0.040345821325648235,490,3.72,-0.06720430107526887,480,3.98,-0.0653266331658291,484,4.24,-0.061320754716981174,483,4.06,0.044334975369458185,488,4.13,-0.016949152542372947,481,3.96,0.04292929292929282,490,4.37,-0.09382151029748287,497,4.29,0.018648018648018683,493,4.35,-0.013793103448275779,501,4.4,-0.011363636363636576,498,4.58,-0.0393013100436681,499,4.505,0.01664816870144281,487,4.74,-0.049578059071730074,494,5.06,-0.06324110671936745,492,5.23,-0.03250478011472291,494,5.55,-0.05765765765765751,495,5.88,-0.056122448979591844,488,6.09,-0.03448275862068961,490,5.93,0.026981450252951067,499,6.09,-0.026272577996716007,486,6.059999942779541,0.004950495049504955,488,6.489999771118164,-0.06625577812018502,418,7.340000152587891,-0.11580381471389645,,,
473,CORZ,CORE SCIENTIFIC INC,Information Technology,473,18.98,,475,20.129999,-0.05712861684692583,467,20.18,-0.002477750247769972,472,19.780001,0.020222395337593735,458,20.870001,-0.05222807607915303,475,19.76,0.05617413967611329,472,19.440001,0.0164608530627135,457,21.01,-0.07472627320323666,457,21.049999,-0.0019001901140232036,391,21.77,-0.03307308222324301,373,22.809999,-0.045593995861201164,277,22.83,-0.0008760840998685016,412,20.719999,0.10183403001129476,416,21.809999,-0.049977077027834826,445,18.120001,0.203642262492149,438,20.745001,-0.12653650872323408,455,20.74,0.00024112825458044718,437,22.75,-0.08835164835164844,449,23.959999,-0.05050079509602645,435,23.620001,0.014394495580249966,437,24.01,-0.016243190337359548,446,22.4,0.07187500000000013,483,20.940001,0.06972296706194037,473,21.02,-0.003805851569933405,455,22.719999,-0.07482390294119301,468,22.09,0.0285196468990494,450,22.709999,-0.02730070573759158,460,23.49,-0.0332056619838228,448,23.74,-0.010530749789384952,429,23.5,0.01021276595744669,469,21.540001,0.090993449814603,458,22.799999,-0.05526307259925756,467,21.43,0.0639290247316846,461,23.709999,-0.09616191885963388,412,25.59,-0.07346623681125442,423,25.940001,-0.013492713435130477,375,27.200001,-0.04632352770869386,341,27.27,-0.00256688668866889,267,27.790000915527344,-0.018711802133436484,182,29.15999984741211,-0.04698213305898491,129,29.079999923706055,0.0027510316368639653,,,
474,ALAB,"Astera Labs, Inc. - Common Stock",,474,297.600006,,453,320.170013,-0.07049381916975461,473,321.609985,-0.004477385862257988,476,322.779999,-0.003624803282808009,486,318.799988,0.01248435116001323,489,311.98999,0.02182761696937785,493,317.230011,-0.016518049422505676,488,334.170013,-0.05069276518237442,487,331.5,0.008054337858220073,486,318.429993,0.04104515054271274,485,361.670013,-0.11955655278503818,488,321.049988,0.12652243114240513,493,311.230011,0.031552153240132164,490,299.690002,0.038506486445951005,480,249.740005,0.20000799231184452,491,260.230011,-0.040310515915091716,501,282.519989,-0.07889699443532128,501,291.579987,-0.031072084518612764,479,326.970001,-0.10823627210986864,491,330.894989,-0.011861732968098782,493,319.790009,0.03472585036263598,466,309.089996,0.03461779138267551,462,303.619995,0.01801594456913147,449,319.73999,-0.05041594890898682,430,350.619995,-0.08807257270082403,421,361.779999,-0.0308474875085617,366,362.049988,-0.0007457229911578267,229,412.970001,-0.12330196594594778,235,417.450012,-0.010731850212523097,178,393.160004,0.06178148273698758,343,382.890015,0.026822295170063404,243,432.73999,-0.11519613659925443,288,406.420013,0.06476053382735358,105,430.859985,-0.0567236987672457,51,483.019989,-0.107987257645356,85,455.959991,0.0593473079527278,222,391.73999,0.16393526992227692,130,398.0,-0.015728668341708607,93,399.9200134277344,-0.0048009925424762345,79,397.0199890136719,0.007304478566191319,26,439.6600036621094,-0.09698406635141643,,,
475,CLBT,Cellebrite DI Ltd. - Ordinary Shares,,475,10.795,,,,,,,,,,,,,,,,,,,,,,,,,,,,,,,,,,,,,,,,,,,,,,,,,,,,,,,,,,,,,,,,,,,,,,,,,,,,,,,,,,,,,,,,,,,,,,,,,,,,,,,,,,,,,,,,,,,,,,,,,,,,
476,GLXY,Galaxy Digital Inc. - Class A common stock,,476,20.945,,431,21.870001,-0.04229542559234445,481,21.66,0.009695337026777384,490,20.950001,0.03389016544677004,484,21.08,-0.006166935483870817,478,20.129999,0.047193295936080126,487,19.52,0.03124994877049181,479,20.17,-0.03222607833415969,498,19.540001,0.03224150295591088,500,19.065001,0.02491476396985237,474,22.139999,-0.13888880482785937,462,21.879999,0.011882998714944915,461,21.01,0.04140880533079483,456,21.52,-0.023698884758364236,494,18.26,0.1785323110624315,500,20.940001,-0.12798475988611446,452,22.700001,-0.0775330362320249,460,22.68,0.0008818783068782476,471,24.32,-0.06743421052631582,464,24.790001,-0.018959297339278036,476,25.41,-0.02439980322707591,478,23.66,0.07396449704142016,506,21.629999,0.09385118325710495,472,22.309999,-0.030479606924231573,480,24.58,-0.09235154597233508,491,24.219999,0.014863790869685811,487,23.35,0.03725905781584582,489,24.879999,-0.06149513912761817,475,25.1,-0.008764980079681295,416,24.860001,0.00965402213781097,440,24.73,0.005256813586736797,445,25.4,-0.026377952755905487,449,24.59,0.03294021960146387,464,25.860001,-0.0491106322849717,452,27.34,-0.054133101682516394,435,28.530001,-0.04171051378512036,430,29.26,-0.024948701298701415,444,28.26,0.03538570417551301,425,28.579999923706055,-0.011196641007697572,385,31.350000381469727,-0.08835725677830952,249,33.119998931884766,-0.05344200040585745,,,
477,GFS,GlobalFoundries Inc. - Ordinary Share,,477,49.950001,,482,53.439999,-0.06530685002445458,468,54.580002,-0.020886825911072715,465,52.689999,0.03587024171323283,473,53.18,-0.009214009025949599,479,50.82,0.04643841007477367,481,50.049999,0.015384635672020641,471,53.93,-0.07194513257926938,492,50.360001,0.07088957365191484,492,49.459999,0.018196563246998698,487,52.02,-0.04921186082276052,489,50.009998,0.04019200320703864,494,49.990002,0.0003999999839969792,492,49.889999,0.002004469873811754,481,47.07,0.05991074994688761,493,49.02,-0.03977968176254598,502,53.18,-0.07822489657766074,502,53.529999,-0.006538371129055975,498,56.91,-0.05939204006325782,496,58.490002,-0.02701319791372203,492,59.389999,-0.015154016082741584,480,56.810001,0.04541450368923594,478,57.48,-0.011656210855949811,465,58.240002,-0.013049484441981951,479,61.41,-0.051620224719101104,477,63.369999,-0.031235195318428777,465,63.939999,-0.008914607583900613,441,68.970001,-0.07293028747382502,442,69.709999,-0.010615378146828003,443,67.970001,0.02559949940268491,455,65.839996,0.03235123222060943,460,68.910004,-0.04455097695249011,453,69.839996,-0.013316037417871573,417,77.230003,-0.09568829098711806,369,82.410004,-0.0628564585435526,383,81.0,0.017407456790123454,395,79.779999,0.015292065872299698,411,86.120003,-0.0736182510351282,418,83.69999694824219,0.028912856472384396,372,83.38999938964844,0.0037174481798469827,135,89.66999816894531,-0.07003456161558075,,,
478,TTMI,"TTM Technologies, Inc. - Common Stock",,478,125.394997,,392,140.979996,-0.11054759144694537,374,140.0,0.006999971428571339,460,138.880005,0.00806447983638825,453,138.100006,0.005648073614131555,448,130.740005,0.05629494201105478,452,130.080002,0.005073823722727022,448,137.210007,-0.05196417634465966,449,136.354996,0.006233543515447693,470,131.25,0.038895207619047634,464,132.789993,-0.011597206726262965,482,121.209999,0.09553662317908285,504,115.440002,0.049982648129198726,504,115.510002,-0.0006060081273308038,503,101.769997,0.13501037049259224,504,108.690002,-0.06366735553100833,508,123.709999,-0.12141295870514068,505,131.410004,-0.05859527254865615,502,144.850006,-0.09278565028157482,502,144.699997,0.0010366897243268003,496,146.850006,-0.01464085061052034,493,133.169998,0.10272590076933108,509,132.0,0.008863621212121142,504,130.139999,0.01429230839320983,488,143.619995,-0.093858769456161,488,141.970001,0.011622131354355636,486,136.339996,0.041293862147391946,477,146.440002,-0.06897026674446494,471,149.970001,-0.02353803411656974,469,145.289993,0.03221149580480742,465,144.080002,0.008398049578039357,470,149.389999,-0.035544527984098684,427,155.979996,-0.0422489881330681,248,179.699997,-0.1319977818363569,211,187.020004,-0.03914023550122481,305,186.800003,0.0011777355271240797,318,191.490005,-0.024492150386648093,307,210.570007,-0.09061120466221007,259,209.74000549316406,0.00395728988373012,131,213.1699981689453,-0.016090411559698037,97,221.47000122070312,-0.037476872544918605,,,
479,POWL,"Powell Industries, Inc. - Common Stock",,479,202.684998,,486,218.729996,-0.07335527039464673,484,213.479996,0.02459246813926308,484,204.039993,0.04626545443961061,466,207.979996,-0.01894414403200584,451,208.380005,-0.0019196131605814237,439,207.220001,0.005597934535286564,432,211.559998,-0.020514260923749972,438,207.360001,0.02025461506435855,444,208.330002,-0.0046560792525696115,451,211.380005,-0.014429004294895353,415,219.720001,-0.03795738194994813,442,208.679993,0.052904007908415096,450,209.300003,-0.002962302872016709,472,186.389999,0.12291434155756398,463,201.0,-0.07268657213930352,493,219.229996,-0.08315466100724644,440,232.210007,-0.055897724511071556,431,242.470001,-0.04231448821580208,453,240.679993,0.007437294549032192,441,244.389999,-0.015180678485947396,453,228.279999,0.07057122862524623,447,232.789993,-0.019373659244879993,430,235.789993,-0.012723186263464581,435,247.009995,-0.04542327123240497,457,234.25,0.054471696905016076,452,225.660004,0.0380660987668866,468,232.190002,-0.0281235106755372,468,236.580002,-0.018556090806018388,464,231.850006,0.020401103634217765,447,234.050003,-0.009399687980350069,447,248.050003,-0.05644023314121871,429,246.330002,0.006982507149088546,401,264.859985,-0.06996142886589674,329,286.359985,-0.0750803224130634,345,281.089996,0.01874840469242467,380,279.769989,0.004718186552882919,285,309.200012,-0.09518118324005753,296,294.489990234375,0.0499508387364882,264,291.5,0.010257255574613877,223,307.79998779296875,-0.05295642831539027,,,
480,AMKR,"Amkor Technology, Inc. - Common Stock",,480,55.02,,464,61.299999,-0.10244696741349046,475,58.990002,0.03915912733822258,477,57.75,0.021471896103895993,504,55.59,0.038855909336211525,497,54.299999,0.023756924931066736,503,52.869999,0.0270474754501131,500,55.27,-0.04342321331644661,499,54.16,0.020494830132939512,495,53.860001,0.005569977616598942,489,55.869999,-0.03597633857126081,487,50.84,0.09893782454760025,499,49.869999,0.019450591928024785,496,48.259998,0.03336098356241113,490,42.73,0.12941722443248316,497,45.689999,-0.06478439625266796,479,60.709999,-0.24740570330103284,465,64.959999,-0.06542487785444695,481,65.330002,-0.00566360001029842,477,66.970001,-0.024488561677041054,478,66.730003,0.00359655311269802,500,62.560001,0.06665604113401469,504,62.939999,-0.006037464347592336,471,63.02,-0.0012694541415424476,476,67.639999,-0.06830276564610827,443,70.199997,-0.03646720953563565,449,66.059998,0.06267028648714157,431,70.470001,-0.06257986288378237,385,72.160004,-0.023420217659633202,403,66.910004,0.0784636031407202,441,65.330002,0.024184937266648276,433,69.879997,-0.06511155116391909,435,69.650002,0.0033021535304478267,335,79.989998,-0.12926611149558975,135,86.230003,-0.07236466175236012,262,82.339996,0.047243225515823495,328,78.720001,0.04598570825729542,243,85.620003,-0.08058866804758236,137,82.76000213623047,0.03455776861871018,50,86.72000122070312,-0.04566419458413051,56,93.55000305175781,-0.07300910508789626,,,
481,STRL,"Sterling Infrastructure, Inc. - Common Stock",,481,566.919983,,477,603.890015,-0.061219810034447986,486,576.47998,0.04754724526600218,496,553.159973,0.04215779907849537,502,548.950012,0.007669115416651051,499,532.76001,0.030388921270573688,492,528.51001,0.008041474938194737,490,547.059998,-0.033908507417498956,489,536.080017,0.0204819815173225,493,536.030029,9.325596943376979e-05,497,541.619995,-0.010320826504937264,449,611.469971,-0.11423288029298817,463,596.77002,0.024632522592203943,489,580.72998,0.027620478625884015,486,494.23999,0.17499593669059443,495,538.090027,-0.0814920083995535,482,634.630005,-0.15212009712651398,473,660.934998,-0.03979966725865525,463,717.340027,-0.07863081227446966,459,719.340027,-0.0027803263059626993,454,694.400024,0.03591590169645498,457,650.219971,0.06794631812377849,466,638.559998,0.018259792402467445,452,641.349976,-0.004350164659552513,464,668.820007,-0.04107238227399512,463,679.619995,-0.015891215796262737,474,660.039978,0.029664895540615355,485,682.289978,-0.03261076773430194,482,707.169983,-0.03518249586111177,490,660.719971,0.07030211593225788,500,674.390015,-0.020270234872916904,466,717.109985,-0.05957240994210966,426,700.75,0.023346393150196265,371,776.549988,-0.0976112152100117,327,839.359985,-0.07483082124769158,323,813.77002,0.03144618795369247,280,804.76001,0.011195896774244707,212,881.919983,-0.08749089995390213,146,867.22998046875,0.01693899350665906,126,892.25,-0.02804149061361727,127,932.75,-0.043419994639506854,,,
482,RUN,SUNRUN INC,Industrials,482,9.47,,492,9.83,-0.03662258392675477,487,10.19,-0.035328753680078484,482,9.86,0.03346855983772823,481,9.84,0.00203252032520318,468,10.03,-0.018943170488534333,453,9.87,0.016210739614994862,450,10.2,-0.032352941176470584,470,9.38,0.08742004264392311,423,10.49,-0.10581506196377499,420,11.03,-0.048957388939256496,450,10.43,0.057526366251198446,448,9.81,0.06320081549439349,449,9.52,0.030462184873949694,435,9.47,0.0052798310454065245,449,9.63,-0.01661474558670817,456,9.98,-0.0350701402805611,477,9.94,0.004024144869215318,452,10.38,-0.04238921001926799,433,10.95,-0.05205479452054784,423,11.44,-0.04283216783216781,387,11.44,0.0,381,11.85,-0.03459915611814346,367,12.14,-0.023887973640856708,365,12.77,-0.04933437744714164,390,12.78,-0.0007824726134585402,377,12.41,0.0298146655922642,420,12.47,-0.004811547714514863,444,12.46,0.0008025682182986049,459,12.01,0.03746877601998344,456,12.2,-0.015573770491803196,427,12.97,-0.05936777178103325,459,12.74,0.018053375196232402,451,13.11,-0.02822273073989312,455,13.38,-0.020179372197309475,426,13.48,-0.007418397626112738,403,13.49,-0.000741289844329085,418,13.6,-0.008088235294117618,327,14.420000076293945,-0.0568654646324549,459,12.8100004196167,0.12568306010928953,401,13.619999885559082,-0.05947136563876643,,,
483,UCTT,ULTRA CLEAN HOLDINGS INC,Information Technology,483,81.080002,,485,87.879997,-0.07737818880444447,485,84.93,0.03473445190156599,464,92.910004,-0.08588960990680827,475,90.650002,0.02493107501531,476,86.065002,0.053212524689206564,478,82.269997,0.04612866340568855,467,87.25,-0.05707739828080227,478,83.139999,0.049434701099767775,459,80.199997,0.03665838042363023,477,84.540001,-0.05133669208260372,459,89.169998,-0.05192326010818127,488,83.309998,0.07033969680325791,479,83.230003,0.0009611317687925336,468,69.57,0.1963490441282163,479,77.5,-0.10232258064516142,491,86.970001,-0.1088881325872354,453,92.75,-0.06231804851752021,441,100.559998,-0.07766505723279737,449,101.459999,-0.008870500777355628,436,105.150002,-0.03509275254222066,450,91.760002,0.14592414677584675,443,92.43,-0.007248707129719811,444,92.599998,-0.001835831573128055,424,102.110001,-0.09313488303657935,404,103.769997,-0.01599687817279216,333,98.25,0.05618317557251906,233,106.269997,-0.07546812107278034,116,106.190002,0.0007533195074240773,143,100.910004,0.052323831044541524,386,90.779999,0.11158851191439201,263,105.529999,-0.13977068264731052,198,106.474998,-0.008921900575077912,26,129.589996,-0.17837023469002966,28,142.589996,-0.09117049137163868,28,130.699997,0.09097168533217337,68,118.82,0.09998314256859109,40,120.660004,-0.015249493941671077,119,108.41999816894531,0.11289435736754028,38,111.62999725341797,-0.028755702645051562,24,123.13999938964844,-0.09347086319206488,,,
484,WING,Wingstop Inc. - Common Stock,,484,117.870003,,494,115.720001,0.01857934653837412,480,126.120003,-0.08246116200932851,489,113.900002,0.10728710083780335,496,112.080002,0.016238400852276902,498,111.360001,0.006465526163204727,476,117.519997,-0.052416577240042006,480,116.815002,0.006035140931641703,494,116.620003,0.0016720887925205652,496,123.860001,-0.058453075581680336,491,121.5,0.01942387654320976,477,130.389999,-0.06818006801273147,455,129.490005,0.006950297051884435,436,134.339996,-0.036102360759337926,404,139.449997,-0.03664396636738532,421,134.869995,0.03395864291386674,443,137.240005,-0.017269090014970567,432,135.199997,0.01508881690285846,436,134.860001,0.002521103347759679,423,138.119995,-0.023602621763778475,449,134.949997,0.023490167250614924,400,141.100006,-0.04358617107358598,426,142.330002,-0.008641860343682195,416,140.929993,0.009934074147012861,415,145.699997,-0.03273853190264653,388,148.410004,-0.018260271726695643,304,154.059998,-0.036673984638115,298,153.289993,0.005023191566066565,280,157.720001,-0.028087800988537803,239,158.470001,-0.004732756958839124,116,170.210007,-0.06897365323532356,124,170.580002,-0.0021690408937855565,129,177.990005,-0.04163156801978851,187,174.970001,0.01726012449414105,193,173.410004,0.008996003483167092,324,165.470001,0.04798454675781372,266,166.759995,-0.007735632277993343,175,165.419998,0.008100574393671733,263,155.7899932861328,0.06181401523010521,241,150.41000366210938,0.035768824259854615,165,156.74000549316406,-0.04038535662927922,,,
485,MARA,MARA HOLDINGS INC,Information Technology,485,9.315,,465,9.715,-0.04166666666666674,499,9.2,0.055978260869565366,497,9.21,-0.0010857763300762269,493,9.64,-0.04460580912863066,491,9.68,-0.004132231404958553,489,9.56,0.012552301255229992,493,10.09,-0.05252725470763131,468,10.65,-0.05258215962441315,456,11.24,-0.052491103202847,459,11.75,-0.04340425531914893,413,11.75,0.0,438,11.32,0.03798586572438167,425,11.82,-0.04230118443316411,442,10.05,0.17611940298507456,444,11.38,-0.11687170474516695,438,11.77,-0.03313508920985542,404,12.12,-0.028877887788778867,414,12.77,-0.050900548159749426,438,12.41,0.029008863819500297,431,12.25,0.013061224489795853,438,11.67,0.049700085689802886,475,10.69,0.09167446211412544,455,11.42,-0.06392294220665506,442,12.29,-0.07078925956061832,445,12.16,0.01069078947368407,434,12.19,-0.0024610336341263084,447,12.6,-0.032539682539682535,437,13.22,-0.04689863842662645,436,12.02,0.0998336106489186,446,12.05,-0.0024896265560166997,434,12.95,-0.06949806949806936,451,12.4,0.04435483870967727,456,13.37,-0.07255048616305149,440,13.89,-0.037437005039596905,415,14.03,-0.009978617248752597,398,14.54,-0.035075653370013726,435,13.88,0.047550432276656895,419,14.0,-0.008571428571428563,277,14.699999809265137,-0.04761904761904756,247,14.850000381469727,-0.010101010101010166,,,
486,DAVE,DAVE CLASS A,Financials,486,347.644989,,497,341.429993,0.018202841365491773,496,334.570007,0.02050388814440285,485,333.769989,0.0023969141215987033,483,316.190002,0.05559943985831661,490,310.0,0.019967748387096806,483,308.820007,0.0038209732959433307,473,317.929993,-0.02865406284584182,387,365.26001,-0.12957897307181254,249,430.160004,-0.15087407800935393,279,429.26001,0.0020966173858123494,322,399.149994,0.07543534123164752,348,372.690002,0.07099732179024221,329,377.640015,-0.013107755543331434,321,378.98999,-0.0035620333930190817,182,406.450012,-0.06756063769042286,82,405.649994,0.0019721878758367506,81,402.809998,0.007050460549889337,53,408.589996,-0.014146205380907051,17,423.660004,-0.03557099527384233,13,438.899994,-0.034723149255727614,13,438.279999,0.0014146093853577568,13,440.420013,-0.00485902987337683,12,442.529999,-0.004768006699586436,9,438.190002,0.009904372487257174,17,417.0,0.050815352517985524,27,389.559998,0.0704384488676375,17,400.75,-0.027922650031191543,37,390.140015,0.027195326272799747,30,375.51001,0.0389603595387511,26,383.959991,-0.022007451812863454,17,396.0,-0.030404063131313164,32,387.359985,0.02230487230114897,60,383.130005,0.01104058660192897,74,372.589996,0.02828849167490799,48,371.619995,0.00261019593415579,52,348.709991,0.06569930484154107,77,322.75,0.08043374438419826,29,323.2200012207031,-0.0014541210276155514,67,317.9700012207031,0.016510991551055065,105,309.7200012207031,0.026636962331664238,,,
487,HUT,HUT CORP,Information Technology,487,84.209999,,468,88.040001,-0.043502975425909085,476,85.440002,0.030430699194037958,487,82.949997,0.030018144545562953,462,90.769997,-0.0861518151201438,464,88.779999,0.022414936048827938,463,85.660004,0.03642300787191188,466,88.589996,-0.03307362154074367,473,90.650002,-0.02272483126917091,429,92.760002,-0.022746873161990644,412,101.160004,-0.08303678991550856,211,112.080002,-0.097430387269265,347,107.629997,0.041345397417413166,391,108.269997,-0.005911148219575502,438,88.18,0.22782940576094357,439,101.139999,-0.12813920435178172,431,104.589996,-0.03298591769713799,410,109.989998,-0.04909539138276919,359,117.669998,-0.06526727399111543,416,109.860001,0.07109045083660614,432,108.980003,0.008074857549783765,439,100.93,0.07975827801446544,477,91.449997,0.10366324014204187,464,91.910004,-0.0050049720376468265,459,103.029999,-0.10792968172308726,476,98.330002,0.04779819896678128,456,99.169998,-0.008470263355254026,467,102.220001,-0.029837634221897447,465,106.220001,-0.03765769122898055,444,106.110001,0.0010366600599691633,473,96.739998,0.09685758934996036,475,103.779999,-0.06783581680319739,478,97.139999,0.06835495231989852,476,105.790001,-0.08176578049186334,463,115.445,-0.08363289012083663,444,118.269997,-0.023885998745734383,311,123.019997,-0.038611608810232734,389,117.68,0.045377268864717824,355,116.0999984741211,0.013608975255968714,300,120.51000213623047,-0.03659450607261627,192,121.04000091552734,-0.004378709481339227,,,
488,CIFR,CIPHER DIGITAL INC,Information Technology,488,16.969999,,405,18.5,-0.08270275675675665,432,17.855,0.03612433492019029,473,16.620001,0.07430799793574039,464,17.870001,-0.06994963234753038,472,17.209999,0.03834991506972196,482,16.33,0.05388848744641783,482,17.18,-0.049476135040745106,469,18.209999,-0.05656227658222279,441,18.709999,-0.026723678606289658,421,20.379999,-0.0819430854731642,148,24.16,-0.1564569950331125,370,22.32,0.08243727598566308,403,22.655001,-0.014787066219948408,446,17.684999,0.2806670276615586,448,20.42,-0.13393736532810974,440,21.65,-0.05681293302540402,428,23.15,-0.06479481641468687,415,25.82,-0.1034082106893881,425,24.459999,0.055601024350000916,462,22.889999,0.06858890644774607,464,20.540001,0.11441080260901648,487,17.559999,0.16970399599681074,480,17.719999,-0.009029345882017314,477,19.870001,-0.10820341679902268,461,19.870001,0.0,443,20.084999,-0.010704406806293698,440,22.110001,-0.09158760327509707,435,23.26,-0.04944105760963036,430,21.85,0.06453089244851262,461,20.469999,0.0674157824824515,464,21.73,-0.05798439944776801,473,20.040001,0.08433128321700178,441,22.84,-0.12259190017513133,401,24.5,-0.06775510204081636,411,24.83,-0.013290374546918948,400,25.940001,-0.042791093184614826,319,25.68,0.010124649532710306,232,26.219999313354492,-0.02059492832169829,134,27.639999389648438,-0.0513748209614624,67,28.139999389648438,-0.017768301981816004,,,
489,MNST,Monster Beverage,Consumer Staples,489,47.294998,,496,45.52,0.038993804920913755,493,46.82,-0.02776591200341727,480,46.68,0.0029991431019709136,482,45.98,0.015224010439321534,480,45.529999,0.009883615415849256,228,91.43,-0.004046833643224446,226,90.360001,0.011841511599806287,170,94.160004,-0.04035686956852724,175,94.459999,-0.0031758945921648296,183,94.18,0.002973019749415995,171,93.550003,0.006734334364478789,136,96.379997,-0.0293628770293487,119,97.650002,-0.013005683297374615,152,97.230003,0.004319644009473045,126,97.739998,-0.005217874058069949,160,95.330002,0.02528056172704174,143,93.489998,0.019681292537839123,129,93.559998,-0.0007481830001748735,103,95.669998,-0.022054981123758477,104,94.459999,0.012809644429490286,105,95.449997,-0.010371901845109499,88,97.5,-0.021025671794871803,124,99.940002,-0.024414668312694343,158,97.57,0.0242902736496875,141,98.004997,-0.004489358137142019,157,97.07,0.009632193262594013,136,97.389999,-0.003285748057149207,138,96.550003,0.00870011366027601,167,95.150002,0.014713620289781959,139,96.919998,-0.01826244362902285,161,97.370003,-0.00462159788574712,136,97.599998,-0.002356506195830055,144,97.349998,0.0025680534682701595,154,96.120003,0.012796451951837762,128,97.639999,-0.015567349606384173,149,96.379997,0.013073272870095742,126,95.830002,0.0057392777681462,135,94.69999694824219,0.011932471338937711,139,93.69000244140625,0.01078017908463691,177,93.0199966430664,0.007202806080503388,,,
490,KEEL,KEEL INFRASTRUCTURE CORP,Information Technology,490,3.6148,,478,3.77,-0.04116710875331575,488,3.51,0.07407407407407418,498,3.31,0.06042296072507547,499,3.54,-0.06497175141242939,504,3.29,0.07598784194528885,496,3.4,-0.032352941176470584,483,3.88,-0.12371134020618557,486,3.82,0.015706806282722585,473,3.93,-0.027989821882951738,471,4.11,-0.04379562043795626,435,4.2,-0.021428571428571352,473,3.97,0.057934508816120944,472,4.05,-0.01975308641975304,460,3.175,0.2735849056603772,473,3.735,-0.14993306559571618,488,4.05,-0.07777777777777772,490,4.26,-0.04929577464788737,476,4.81,-0.1143451143451143,482,4.69,0.025586353944562656,486,4.65,0.008602150537634357,485,4.34,0.07142857142857162,490,3.95,0.09873417721518973,483,3.935,0.003811944091486774,485,4.35,-0.09540229885057461,483,4.49,-0.03118040089086871,481,4.36,0.029816513761467878,478,4.65,-0.062365591397849474,472,4.84,-0.03925619834710736,468,4.56,0.06140350877192979,478,4.44,0.02702702702702675,476,4.84,-0.0826446280991735,474,4.59,0.05446623093681913,459,5.38,-0.14684014869888473,398,5.74,-0.06271777003484325,374,5.78,-0.00692041522491349,276,6.03,-0.041459369817578806,227,5.87,0.027257240204429323,98,6.119999885559082,-0.040849673202614345,35,6.599999904632568,-0.07272727272727264,36,6.659999847412109,-0.009009009009009028,,,
491,AAON,"AAON, Inc. - Common Stock",,491,82.760002,,495,88.089996,-0.06050623500993235,491,87.800003,0.0033028814361202308,478,87.669998,0.0014828904182249136,487,85.230003,0.028628357551506944,486,85.779999,-0.006411704434736709,470,89.239998,-0.038771840851004935,428,94.830002,-0.05894763136248793,471,90.279999,0.05039879320335383,472,93.150002,-0.030810552210186692,448,95.550003,-0.025117749080552088,441,92.559998,0.03230342550353127,453,89.059998,0.039299349636185754,462,87.589996,0.016782761355531806,471,84.870003,0.03204893253037833,460,93.739998,-0.09462337517865105,469,101.019997,-0.07206492987720048,464,102.669998,-0.016070916841743776,429,107.68,-0.04652676448737003,450,107.169998,0.004758813189489786,459,105.610001,0.014771299926415127,455,103.879997,0.016653870330781695,431,111.419998,-0.06767188238506339,413,113.199997,-0.015724373208243048,426,113.110001,0.0007956502449328884,437,112.93,0.0015939165854954584,428,112.190002,0.006595935349034132,456,114.160004,-0.01725649904497195,462,110.25,0.03546488888888888,467,107.980003,0.021022383190709926,454,109.940002,-0.01782789671042584,473,109.349998,0.00539555565423977,466,107.620003,0.016075032073730844,460,116.419998,-0.07558834522570601,403,126.860001,-0.08229546679571598,451,125.709999,0.009148055120102194,445,126.779999,-0.008439817072407485,416,133.259995,-0.04862671651758654,406,131.60000610351562,0.012613897601190027,420,129.4499969482422,0.016608799148910114,387,136.16000366210938,-0.049280308481777,,,
492,WULF,TeraWulf Inc. - Common Stock,,492,16.485001,,459,17.6,-0.0633522159090909,479,17.379999,0.012658286113825357,491,16.309999,0.06560392799533599,477,17.190001,-0.0511926671790186,495,16.75,0.026268716417910287,501,16.200001,0.033950553459842325,501,17.08,-0.051522189695550225,503,17.615,-0.030647047068839584,477,18.07,-0.02517985611510798,478,18.879999,-0.042902491679157495,456,18.83,0.002655284121083623,475,17.66,0.06625141562853898,483,17.82,-0.008978675645342271,505,15.09,0.1809145129224652,506,17.09,-0.1170275014628438,510,17.98,-0.049499443826473866,500,18.459999,-0.026002114084621497,506,20.049999,-0.0793017495911097,495,19.49,0.02873263211903554,506,19.870001,-0.019124357366665512,505,18.860001,0.05355248920718503,510,18.16,0.038546310572687315,506,17.98,0.010011123470522687,484,19.370001,-0.07176050223229202,482,19.41,-0.002060741885626105,454,20.889999,-0.07084725087827914,464,21.969999,-0.049157944886570215,446,23.200001,-0.05301732530097736,425,22.83,0.016206789312308345,462,20.24,0.12796442687747045,453,22.209999,-0.08869874330025862,468,21.18,0.04863073654390937,452,23.58,-0.10178117048346047,393,24.700001,-0.04534416820468967,437,25.58,-0.03440183737294755,396,25.83,-0.009678668215253539,339,26.059999,-0.00882574861188612,168,26.969999313354492,-0.03374119517023344,107,28.780000686645508,-0.0628909637633438,99,28.309999465942383,0.016601978686046515,,,
493,CLSK,CLEANSPARK,Information Technology,493,11.985,,479,12.4,-0.03346774193548396,477,12.09,0.025641025641025772,488,11.52,0.04947916666666674,465,12.18,-0.054187192118226646,454,11.52,0.05729166666666674,448,11.59,-0.006039689387402958,427,12.3,-0.05772357723577237,393,12.75,-0.03529411764705881,353,13.5,-0.05555555555555558,367,14.17,-0.047282992237120625,214,14.65,-0.032764505119453946,356,13.76,0.06468023255813948,364,14.54,-0.05364511691884455,434,12.01,0.21065778517901745,440,13.48,-0.10905044510385764,433,14.025,-0.03885918003565059,403,14.52,-0.03409090909090906,402,15.61,-0.06982703395259449,401,15.325,0.01859706362153335,396,15.38,-0.0035760728218466875,415,14.42,0.06657420249653256,459,13.03,0.10667689946277825,454,12.9,0.010077519379844802,444,14.13,-0.08704883227176219,473,13.45,0.050557620817843985,483,12.36,0.08818770226537209,486,12.85,-0.038132295719844334,487,12.89,-0.003103180760279378,487,12.4,0.039516129032258096,480,12.48,-0.0064102564102563875,481,13.51,-0.07623982235381199,484,12.62,0.0705229793977813,490,13.62,-0.0734214390602056,482,14.55,-0.06391752577319598,474,15.37,-0.053350683148991496,466,16.33,-0.05878750765462337,457,15.87,0.02898550724637672,420,16.229999542236328,-0.022181146025878062,274,17.190000534057617,-0.0558464772631484,242,17.450000762939453,-0.014899712613197114,,,
494,APP,AppLovin,Communication Services,494,311.519989,,498,311.980011,-0.0014745239559593726,497,315.440002,-0.010968776876941533,494,312.670013,0.008859145056548945,497,303.76001,0.029332376569252583,483,318.679993,-0.0468180724479933,480,339.0,-0.05994102359882003,486,346.799988,-0.02249131565713891,458,335.670013,0.03315748970403254,339,417.799988,-0.19657725552639316,352,419.700012,-0.004527100180306998,338,406.160004,0.03333663548023802,373,395.899994,0.025915660913094163,366,403.869995,-0.019734075565579046,360,399.459991,0.011039914132476847,328,418.220001,-0.04485679775033047,282,412.730011,0.013301649634584134,351,391.980011,0.05293637281927621,341,398.859985,-0.01724909556921339,318,412.480011,-0.0330198449301341,304,428.690002,-0.03781285060154027,321,424.600006,0.009632585827141993,355,424.540009,0.00014132236945418875,414,434.480011,-0.022877927058421066,399,452.730011,-0.04031100116311925,396,448.980011,0.008352264929674114,430,442.850006,0.013842169847458452,400,506.980011,-0.12649414889850552,424,520.429993,-0.0258439793649633,414,522.179993,-0.0033513348336959847,382,527.97998,-0.010985240387334394,387,543.789978,-0.029073720810647297,431,527.059998,0.031742078821166864,383,564.609985,-0.06650606258761094,443,515.22998,0.09584070593097116,462,498.76001,0.03302183348660992,464,477.079987,0.04544316171451568,447,445.929993,0.06985400060318425,380,464.9599914550781,-0.04092824838341835,386,467.0199890136719,-0.004410941819451786,382,469.3900146484375,-0.005049161516569534,,,
495,FLNC,FLUENCE ENERGY INC CLASS A,Industrials,495,11.865,,493,12.63,-0.060570071258907454,489,13.14,-0.038812785388127824,481,13.22,-0.00605143721633894,480,13.2,0.0015151515151516914,470,13.11,0.006864988558352492,474,12.65,0.036363636363636376,474,13.195,-0.04130352406214477,464,13.21,-0.001135503406510252,474,14.23,-0.07167955024595918,446,15.67,-0.09189534141671984,443,14.56,0.07623626373626369,472,13.93,0.045226130653266416,470,13.47,0.034149962880475115,458,11.89,0.13288477712363322,472,12.62,-0.0578446909667194,487,13.51,-0.06587712805329393,489,13.44,0.005208333333333259,486,14.42,-0.06796116504854377,481,14.66,-0.016371077762619368,485,15.28,-0.04057591623036649,484,14.28,0.07002801120448177,489,14.07,0.014925373134328401,482,14.42,-0.024271844660194164,496,15.37,-0.061808718282368225,498,15.61,-0.015374759769378632,499,15.16,0.02968337730870707,502,16.16,-0.061881188118811936,499,16.74,-0.03464755077658288,500,15.34,0.09126466753585394,488,16.200001,-0.05308647820453838,495,17.82,-0.09090903479236812,493,17.0,0.048235294117647154,495,18.360001,-0.07407412450576667,394,19.879999,-0.07645865575747768,467,19.15,0.03812005221932124,468,19.27,-0.00622729631551644,466,19.379999,-0.005675903285650374,459,19.75,-0.018734227848101193,394,21.209999084472656,-0.06883541107191937,121,25.190000534057617,-0.15799927915842482,,,
496,BTDR,BITDEER TECHNOLOGIES GROUP CLASS A,Information Technology,496,9.0,,491,9.39,-0.04153354632587869,490,9.13,0.028477546549835697,500,8.76,0.042237442922374635,500,9.02,-0.02882483370288247,501,8.69,0.03797468354430378,497,8.695,-0.0005750431282347535,481,10.88,-0.20082720588235292,474,10.52,0.034220532319391817,468,11.06,-0.048824593128390714,472,11.38,-0.02811950790861162,463,11.37,0.0008795074758136678,477,10.52,0.08079847908745252,466,11.1,-0.052252252252252274,454,8.9,0.247191011235955,469,10.28,-0.13424124513618663,485,11.35,-0.09427312775330399,487,11.56,-0.018166089965398036,489,12.17,-0.05012325390304018,479,12.26,-0.007340946166394802,483,12.48,-0.017628205128205177,482,11.37,0.09762532981530359,486,10.74,0.05865921787709483,479,11.235,-0.044058744993324406,495,12.57,-0.10620525059665875,496,12.36,0.016990291262136026,489,12.13,0.018961253091508645,488,13.29,-0.08728367193378472,483,14.33,-0.07257501744591777,493,12.56,0.14092356687898078,486,12.875,-0.024466019417475726,487,14.25,-0.0964912280701754,476,13.85,0.028880866425992746,470,15.44,-0.102979274611399,466,15.87,-0.027095148078134845,470,15.86,0.0006305170239595537,310,17.15,-0.0752186588921282,340,16.389999,0.04636980148687009,209,17.520000457763672,-0.0644977739726027,270,17.229999542236328,0.016831108531630834,132,17.43000030517578,-0.011474469305794543,,,
497,TTD,Trade Desk (The),Communication Services,497,13.605,,502,13.4,0.015298507462686572,492,14.14,-0.052333804809052364,461,14.56,-0.028846153846153855,478,13.49,0.0793180133432172,488,13.56,-0.005162241887905594,473,13.39,0.012696041822255477,475,13.8,-0.02971014492753621,347,17.67,-0.2190152801358235,303,18.959999,-0.06803792552942634,286,19.34,-0.019648448810754893,313,18.299999,0.056830658843205484,317,18.040001,0.014412305187788021,250,18.280001,-0.013129102126416603,235,19.09,-0.04243053954950238,247,18.91,0.009518773135906988,253,17.879999,0.057606323132344706,305,17.290001,0.034123653318470115,358,16.790001,0.029779628958926274,321,17.58,-0.04493737201365178,323,18.25,-0.03671232876712338,292,18.639999,-0.0209226942555093,311,18.59,0.002689564281872059,309,19.120001,-0.027719716123445703,298,19.370001,-0.012906555864400815,302,18.940001,0.022703272296553667,293,19.790001,-0.04295098317579682,351,19.530001,0.013312851340868015,320,19.75,-0.011139189873417776,377,19.07,0.035658101730466685,370,19.18,-0.0057351407716370595,358,19.309999,-0.0067322116381259844,373,19.1,0.010994712041884735,438,19.15,-0.0026109660574411553,444,18.08,0.05918141592920345,407,18.65,-0.030563002680965123,448,18.370001,0.015242187520839057,455,17.33,0.06001159838430459,455,17.700000762939453,-0.020904010118417582,463,17.93000030517578,-0.0128276073619632,469,18.020000457763672,-0.004994450610432799,,,
498,FRVO,Fervo Energy Company - Class A common stock,,498,18.434999,,,,,,,,,,,,,,460,24.17,-0.16590815059991726,460,23.92,0.010451505016722429,443,25.85,-0.07466150870406185,446,22.049999,0.12391304347826093,,,,481,22.75,-0.030769274725274687,475,22.190001,0.025236546857298592,459,22.540001,-0.015527949621652715,454,22.299999,0.0107624220072835,,,,,,,,,,449,25.235001,-0.0014573808643506547,453,26.370001,-0.08930610203617362,446,27.9,-0.05483867383512542,451,26.99,0.033716191181919264,490,25.49,0.058846606512357846,479,24.65,0.034077079107505126,499,23.110001,0.06663777297110451,505,24.57,-0.05942201872201869,490,25.02,-0.017985611510791366,485,25.860001,-0.03248263602155321,483,27.129999,-0.046811575628882274,479,27.35,-0.008043912248628882,506,23.57,0.16037335596096747,504,23.799999,-0.00966382393545473,504,27.879999,-0.14634146866361086,480,27.790001,0.003238502942119359,475,29.07,-0.04403161334709327,,,,,,,,,,,,,,,,,,,,,,,,
499,ALHC,ALIGNMENT HEALTHCARE,Health Care,499,13.305,,500,13.46,-0.011515601783060991,498,13.96,-0.035816618911174825,495,13.46,0.03714710252600306,501,13.52,-0.004437869822485063,496,13.2,0.024242424242424176,488,13.78,-0.0420899854862119,472,14.37,-0.04105775922059851,500,13.38,0.07399103139013441,499,13.68,-0.021929824561403466,493,13.52,0.01183431952662728,484,14.56,-0.07142857142857151,464,14.85,-0.019528619528619506,397,18.610001,-0.20204195582794438,386,18.290001,0.017495898441995728,423,18.43,-0.007596256104177912,423,18.67,-0.012854847348687803,394,19.43,-0.039114770972722535,392,20.0,-0.02849999999999997,343,20.77,-0.03707270101107363,343,21.5,-0.033953488372093,343,21.1,0.018957345971563955,326,20.6,0.024271844660194164,316,20.030001,0.028457262683112328,249,20.93,-0.043000430004777934,235,21.200001,-0.01273589562566535,332,20.379999,0.040235625134230846,261,19.83,0.027735703479576657,38,21.030001,-0.05706138577929698,59,20.030001,0.049925109838986126,2,24.049999,-0.16715169094185833,4,24.559999,-0.020765473158203318,5,23.799999,0.03193277445095699,8,24.01,-0.008746397334444045,10,23.809999,0.008399874355307535,8,23.26,0.023645700773860634,7,23.190001,0.0030184992230057883,17,22.709999,0.02113615240581912,31,21.690000534057617,0.04702618501492939,30,21.65999984741211,0.0013850877192982392,61,21.290000915527344,0.01737900341103793,,,
500,CAPR,CAPRICOR THERAPEUTICS,Health Care,500,6.855,,501,7.45,-0.07986577181208054,500,6.65,0.12030075187969924,,,,,,,,,,,,,,,,,,,,,,,,,,,,,,,,,,,,,,,,,,,,,,,,,,,,,,,,,,,,,,,,,,,,,,,,,,,,,,,,,,,,,,,,,,,,,,,,,,,,,,,,,,,,,,,,,,,,,
501,LASR,NLIGHT,Information Technology,501,50.700001,,499,54.0,-0.06111109259259262,494,52.599998,0.026616008616578313,486,50.349998,0.04468719144735611,488,53.040001,-0.050716496027215285,492,49.209999,0.0778297516323867,485,51.005001,-0.035192666695565755,476,56.154999,-0.09171041032339788,75,75.440002,-0.25563364910833386,80,75.25,0.0025249435215948246,164,77.18,-0.0250064783622701,,,,,,,,,,,,,,,,370,66.129997,-0.06609619454258187,330,70.019997,-0.031990832561732296,330,73.0,-0.040821958904109557,314,72.440002,0.0077305077931939525,274,75.230003,-0.03708628058940777,359,68.309998,0.10130296007328243,362,69.25,-0.013574036101083098,406,65.690002,0.05419390914312938,397,67.82,-0.031406635210852074,299,71.480003,-0.051203173564500326,303,68.825996,0.03910454951149056,177,72.050003,-0.04474679896959899,231,74.709999,-0.035604283705049866,445,58.68,0.2731765337423313,448,59.009998,-0.005592238793161841,439,65.300003,-0.09632472758079358,432,63.25,0.03241111462450608,378,66.959999,-0.05540619855744022,390,69.620003,-0.03820746747166903,454,65.040001,0.07041823384965795,,,,,,,,,,,,,,,,,,
502,SEZL,SEZZLE INC,Financials,502,118.830002,,503,122.18,-0.027418546406940636,502,128.960007,-0.05257449311397744,493,129.869995,-0.007006914876681036,494,125.440002,0.03531563240887059,462,128.270004,-0.022062851108977877,490,118.0,0.08703393220338973,495,118.019997,-0.0001694373878013966,299,178.529999,-0.3389346459358912,389,174.399994,0.02368122214499624,377,177.229996,-0.015967962894949284,421,163.089996,0.08670059689007514,403,154.75,0.05389335056542821,386,155.110001,-0.002320939963116997,380,152.699997,0.015782606727883675,393,156.990005,-0.027326631399240964,385,156.779999,0.0013394948420684116,374,153.889999,0.018779647922409826,300,159.009995,-0.032199208609496655,221,174.240005,-0.08740822751927713,241,179.350006,-0.0284917804797844,142,171.759995,0.044189632166675485,106,174.669998,-0.016660004770824965,60,180.440002,-0.03197741041922619,22,188.550003,-0.04301246815678916,23,182.389999,0.033773803573517336,57,160.25,0.1381591201248049,9,179.380005,-0.10664513583885793,28,177.080002,0.012988496577947872,38,167.320007,0.05833130881951254,28,177.630005,-0.05804198451719911,20,179.050003,-0.007930734298842723,24,183.240005,-0.022866196712884812,43,175.179993,0.04600988881190338,41,171.630005,0.02068395907813425,40,170.699997,0.005448201618890591,38,170.559998,0.0008208196625330011,30,163.740005,0.04165135453611368,20,159.27000427246094,0.028065554641412582,25,151.61000061035156,0.05052439119764918,23,156.47000122070312,-0.03106026694535513,,,
503,BLLN,"BillionToOne, Inc. - Class A common stock",,503,90.440002,,504,93.910004,-0.03695029125970428,503,93.330002,0.006214528957151577,503,94.040001,-0.007549968018396913,491,97.449997,-0.03499226377605735,487,97.940002,-0.005003114049354496,475,98.650002,-0.007197161536803609,492,93.389999,0.05632297950875875,496,91.650002,0.01898523690157705,59,149.970001,-0.38887776629407367,160,142.25,0.05427065729349745,147,137.320007,0.03590149103327667,155,138.600006,-0.009235201620409805,134,139.589996,-0.007092127146418159,201,132.520004,0.053350375691205265,185,133.639999,-0.008380686982794594,177,127.980003,0.04422562796783169,121,126.080002,0.015069804646735463,65,128.940002,-0.022180858970360484,42,129.240005,-0.0023212858897676547,70,132.529999,-0.024824522936878646,80,125.139999,0.059053860149064,54,130.309998,-0.0396746149900179,39,128.179993,0.01661729689749647,37,129.880005,-0.01308909712468842,47,124.870003,0.04012174164839255,64,123.25,0.013144040567951265,61,126.769997,-0.027766798795459513,42,127.970001,-0.009377228964778994,85,120.599998,0.06111113700018467,153,118.040001,0.02168753793893985,77,123.400002,-0.043435987950794286,70,120.349998,0.025342783969136473,45,122.330002,-0.016185759565343516,103,119.980003,0.019586588941825633,76,120.400002,-0.003488363729429178,69,118.169998,0.018871152049947604,53,112.239998,0.05283321548170372,81,107.73999786376953,0.041767218150496,122,104.27999877929688,0.03317989099712215,142,100.72000122070312,0.035345492103400655,,,
504,SEDG,"SolarEdge Technologies, Inc. - Common Stock",,504,30.2201,,505,30.790001,-0.018509288128961132,504,32.419998,-0.050277516981956594,504,32.18,0.007457986326911081,507,32.02,0.004996876951904872,507,33.310001,-0.03872713783467008,506,32.209999,0.034150947971156365,504,31.76,0.014168734256926996,508,32.669998,-0.02785424106851786,503,33.900002,-0.036283301694200465,469,48.759998,-0.3047579288251817,451,45.119999,0.0806737384901095,492,41.200001,0.09514558021491304,502,41.759998,-0.013409890488979448,499,39.040001,0.06967205251864628,481,40.07,-0.025704991265285804,471,43.09,-0.07008586679043871,469,42.599998,0.011502394906215851,472,45.139999,-0.05626940753809062,467,47.880001,-0.057226439907551274,463,50.27,-0.047543246469067046,452,48.610001,0.034149330710772974,437,53.470001,-0.09089208732201082,436,52.34,0.021589625525410883,431,54.580002,-0.041040709379233764,409,55.52,-0.01693079971181566,453,52.130001,0.06502971292864546,425,55.18,-0.05527363175063427,473,54.759998,0.007669868797292478,479,52.41,0.04483873306620878,507,52.939999,-0.010011314884988964,483,56.91,-0.0697592865928659,485,52.380001,0.08648336986476957,487,56.0,-0.06464283928571424,477,58.439999,-0.04175220810664282,484,55.360001,0.055635801018139475,502,51.75,0.06975847342995167,497,51.880001,-0.002505801802124119,484,49.7400016784668,0.04302370152699231,487,52.36000061035156,-0.050038177042815546,439,57.54999923706055,-0.09018241685807848,,,
